,x,y,value
29,65,81,
35,14,12,0.46437025562115497
109,23,28,0.43108682354847766
125,15,34,0.5834069662423986
131,24,12,0.42125522405379806
136,25,84,0.3793695069903786
153,94,74,0.5220677483467809
186,99,2,0.3804652417704472
223,96,78,0.4466781587275549
266,30,64,
282,67,50,
314,50,57,
326,9,47,0.5746879038313532
330,32,92,0.3750058276635
333,51,55,
353,30,89,0.39001231495823563
465,42,82,
488,55,7,0.4082701749672403
509,60,43,
521,33,66,
530,65,76,
592,65,42,
607,91,14,0.3975743148715257
616,68,55,
619,95,82,0.4312813926690454
630,17,69,0.5501003962098844
696,13,92,0.3770673212675317
697,56,26,0.6033021004072381
729,40,92,0.5297973250002851
739,7,29,0.4360574693780227
813,86,41,0.5991507476679516
819,85,59,0.3866123311959287
829,47,0,0.5129608493286446
882,28,6,0.5964943671804394
894,51,75,
918,47,68,
942,35,12,0.37637095796050934
980,66,94,0.5635765467716877
1028,93,50,0.529991623054725
1079,39,12,0.6042914345808568
1098,82,65,0.47180421662477645
1110,96,30,0.6016237302188318
1171,14,63,0.4514123409054233
1177,31,7,0.3847043709520381
1184,95,41,0.3866123311959287
1217,82,89,0.5313446963664028
1231,25,71,0.5591101521845868
1243,58,80,
1259,47,69,
1266,37,84,0.4715525639656189
1327,68,66,
1333,19,46,0.37674419551234
1374,90,11,0.6072483554730161
1430,27,57,
1455,11,91,0.4736755209843926
1467,49,74,
1502,40,39,
1540,62,78,
1563,67,97,0.48307090593320423
1604,72,53,0.4457407538470132
1609,39,4,0.6145413466844799
1615,6,61,0.6166972742641028
1622,40,24,
1623,52,16,0.3923259585791057
1629,52,67,
1645,50,71,
1654,36,1,0.5813284078235046
1674,92,44,0.5868524117351415
1678,37,59,
1680,13,53,0.3750000009053332
1727,54,57,
1729,31,53,
1783,28,75,0.5256109070322458
1871,49,73,
1890,92,76,0.5925071813910465
1951,84,6,0.4308017977145187
1953,9,59,0.37677766498156934
1956,35,26,
1989,41,39,
1991,49,53,
1999,9,63,0.44158515219307654
2072,30,50,
2177,60,76,
2286,42,23,
2292,47,49,
2326,39,9,0.5357535646200278
2354,61,97,0.4463164620039378
2375,53,79,
2405,99,11,0.6018782395258665
2415,12,36,
2418,95,13,0.38188782706918906
2446,45,30,
2456,68,70,
2593,20,99,0.3933865320736958
2598,33,81,0.4726784684219393
2621,89,62,0.5201778657303537
2630,14,95,0.38830576339308154
2631,86,89,0.4102014841359646
2646,59,73,
2654,54,15,0.6199097704843608
2661,51,58,
2708,32,13,
2711,51,96,0.6070226237357353
2744,68,85,
2787,67,68,
2832,97,86,0.6219806624276226
2852,68,8,0.3823606521926388
2862,63,40,
2905,82,31,0.4412718944278979
2934,6,2,0.38100433188585836
3015,91,87,0.4530180234285247
3116,2,57,0.44982306281791473
3132,26,26,0.5573732013211845
3180,19,52,0.3891527910017685
3186,8,7,0.44058878710206006
3226,42,30,
3252,86,21,0.40387218626778876
3255,23,36,0.46811864960921107
3281,86,18,0.6164384568061556
3373,96,54,0.4000953002432982
3537,2,0,0.4089042089144425
3590,72,55,0.45839653691249405
3598,26,28,0.4488019706351196
3605,86,2,0.43502878291467506
3622,76,19,0.40868767899841446
3631,59,58,
3745,43,5,0.41614687819473883
3757,49,2,0.5831179016040531
3759,68,88,0.6148414972019824
3767,97,15,0.4935209765571448
3878,57,27,0.6246587217518816
3924,47,7,0.5970826224926558
3926,68,2,0.4015178658711285
3927,60,23,0.5772563598752772
3946,40,31,
3957,61,57,
3959,87,30,0.5778840120319408
3978,52,15,0.5682545875344619
4000,97,61,0.4463164620039378
4052,92,21,0.4555830231318788
4068,40,34,
4152,16,77,0.6161617967020251
4190,79,27,0.5437698992640134
4222,68,69,
4251,77,1,0.39648728289033786
4255,61,98,0.6037619901837114
4260,23,95,0.5780404270946018
4288,30,10,
4334,69,30,0.6079713603755141
4373,56,66,
4403,23,60,0.5772563598752772
4462,31,9,0.40015776942972053
4473,72,31,0.42048071854238256
4476,54,41,
4497,48,91,0.5953395726696543
4551,58,37,0.5132178007125434
4553,26,82,0.43502878291467506
4574,20,78,0.6028421111381661
4630,85,9,0.5967562872018036
4662,48,12,0.5243650303693115
4664,72,30,0.6048961747535988
4679,20,38,0.568086860025297
4717,17,24,0.6000400238060547
4743,20,50,0.3778566779820808
4767,96,60,0.4085252696623364
4772,49,72,
4785,40,56,
4820,30,72,0.6048961747535988
4827,75,54,0.3757901205585186
4843,69,24,0.4038058158067373
4897,44,29,
4951,2,31,0.4257943403272454
4959,97,23,0.407902812691689
4962,94,90,0.37708248490184687
5013,94,56,0.5391776354885663
5025,45,43,
5026,21,94,0.40198451094368387
5036,81,55,0.5515744041750099
5041,77,49,0.4104661720384914
5066,95,33,0.4356248449171149
5098,44,90,0.45986627608320607
5140,1,34,0.39399812237445414
5144,87,42,0.5289626959267365
5211,37,88,0.6146031203679784
5256,12,66,0.38184147012684744
5258,78,44,0.5428741765600832
5262,57,40,
5264,68,10,0.48003214245178755
5278,93,92,0.6229769578762737
5421,6,65,0.38610383938214865
5438,12,55,0.6200906202431683
5472,2,72,0.537888518096326
5490,78,74,0.5489981285213056
5515,26,56,
5593,78,34,0.37802932337594003
5661,31,90,0.4110674907090424
5712,77,27,0.617142504168054
5718,37,64,
5734,5,12,0.37522199439562404
5789,53,8,0.43386843691285243
5839,47,19,0.5040926023751061
5844,66,89,0.5785696015034711
5865,8,24,0.6205745697480015
5920,91,71,0.3833190932309805
6071,48,9,0.37559515510977604
6112,99,12,0.6031234828098895
6136,9,67,0.5224366658133519
6166,78,3,0.6190922553550695
6275,37,92,0.3795539330370549
6313,64,6,0.3751813428295767
6372,97,35,0.5156733728539901
6378,23,14,0.3821202306238404
6387,14,85,0.6032692814284656
6395,75,70,0.6158637901908396
6431,83,15,0.5863501270270115
6458,47,81,
6504,4,9,0.5726065342916554
6510,46,74,
6547,7,74,0.3750148045376854
6557,59,6,0.4912455128278862
6593,90,24,0.5921844977505692
6598,62,97,0.38581861328683964
6633,77,39,0.5291204079998373
6636,96,36,0.5128777260062721
6659,31,52,
6696,41,3,0.4298260691088087
6719,65,13,0.3750276252742759
6794,10,95,0.3799129037926172
6798,86,55,0.3837765874752262
6803,47,59,
6811,96,71,0.5497148471939298
6851,26,0,0.5295217504637472
6877,28,60,
6887,62,31,0.5982790087014871
6907,97,45,0.5229696975378737
6991,31,83,0.5255167179451206
7014,81,46,0.6013560863305942
7024,44,55,
7054,96,43,0.37576138148617894
7080,55,62,
7189,6,41,
7196,20,12,0.6108741402150892
7204,62,2,0.48842053433193916
7234,66,65,
7242,92,13,0.3770673212675317
7252,1,63,0.483033300599868
7273,17,47,0.6036644160953702
7362,69,64,
7425,71,96,0.5497148471939298
7432,93,23,0.6121174905263428
7490,92,31,0.5373522331659337
7510,3,42,0.3996434754646838
7583,86,87,0.5485036025035205
7666,25,34,0.5806202254677167
7756,2,42,0.45341260906463987
7798,79,43,0.39042291706865784
7835,72,69,0.6031234828098895
7843,21,0,0.4416366717431532
7857,42,73,
7985,36,28,
8018,19,70,0.6097848752207119
8027,29,4,0.5685789398945285
8064,74,83,
8105,57,28,0.6234499976498906
8106,11,96,0.431215767542277
8143,72,37,0.5989931995075463
8302,97,7,0.6236031156900294
8354,8,2,0.3790847672481582
8374,18,89,0.5830024506363505
8415,19,0,0.48297557468558355
8454,16,74,0.3768455511735288
8469,50,74,
8477,37,63,
8489,86,56,0.39193431883163504
8503,95,28,0.44478887065672373
8516,75,66,0.4881052944707334
8520,67,94,0.6037619901837114
8654,97,70,0.5879930104448825
8680,8,25,0.4065482008353971
8713,42,91,0.43011979603795253
8754,23,50,0.3957868350210421
8795,68,41,
8801,39,66,
8875,53,4,0.52287510644364
8877,34,55,
8895,94,59,0.5684920641396572
8940,10,10,0.49815351443854244
8997,34,39,0.6229349820661447
8999,31,87,0.588235547622985
9003,52,12,0.5207326433249035
9013,48,7,0.38243275291302276
9032,78,39,0.6120457015859988
9053,29,97,0.5035381617123228
9167,72,3,0.4700206719424131
9195,98,34,0.5557037858783012
9199,79,39,0.6109279054221822
9202,35,79,0.4560118769033892
9207,69,83,
9209,31,30,
9229,18,50,0.6249747827212098
9251,27,62,
9315,4,21,0.5716362455826725
9320,16,70,0.5073693146118039
9330,9,40,
9332,15,10,0.38340014032312475
9339,90,72,0.5559349656500201
9340,35,33,
9357,71,46,0.3758313081641127
9378,3,27,0.48147373550487704
9392,75,34,0.4592982098038401
9408,37,91,0.4909296798931445
9413,35,51,
9479,5,29,0.5936701800335116
9506,63,22,0.4398857773575082
9509,18,56,0.43257514911515027
9532,9,21,0.4680500812613565
9547,55,52,
9579,93,0,0.6247924148499246
9615,2,21,0.3794783709151156
9729,72,84,
9738,32,11,0.5393435906503775
9763,69,16,0.6248964943371172
9790,63,2,0.611090911315444
9795,28,19,0.5393435906503775
9813,62,7,0.37633306078860784
9817,28,76,0.41279483696829367
9822,11,90,0.6072483554730161
9839,50,72,
9849,27,18,0.5309938853330415
9881,35,99,0.6220549078121304
9882,14,97,0.6189817050711033
9908,22,55,0.6249961580145443
9910,69,76,
9936,24,31,0.6145413466844799
9941,2,65,0.40230604093172934
9955,61,51,
9974,29,33,0.3805694269879817
9983,99,73,0.4635165086978657
10048,28,4,0.5073819445078211
10086,84,63,0.5511564250755738
10105,13,54,0.5185964096858915
10113,32,14,
10130,24,26,0.6114762169199199
10182,21,78,0.6245024633988601
10184,95,75,0.463456008088738
10193,14,80,0.3794221066439162
10277,17,66,0.6046461178618192
10301,78,4,0.38747459866467965
10359,76,70,0.6036063329807402
10369,80,30,0.3927347285044018
10370,25,31,0.47939477679884207
10375,57,66,
10379,32,6,0.4521929534861472
10408,66,17,0.6046461178618192
10423,51,31,
10429,63,70,
10499,31,5,0.5260471101198532
10500,83,46,0.38283277972974766
10604,35,14,0.5630917165183797
10607,3,81,0.540291992990014
10613,15,28,0.5239151847266619
10706,62,20,0.5855057386322694
10801,67,38,
10899,78,60,0.5833447016114677
10927,98,56,0.5733242888703433
10933,63,55,
10935,68,80,
10950,29,55,
10959,43,46,
10963,60,27,0.421300484449565
11004,11,0,0.6134611462680761
11037,3,46,0.6215426869407108
11084,37,66,
11105,20,83,0.5436797553310723
11107,35,36,
11108,30,23,
11163,33,17,
11186,69,31,0.4250949594327404
11198,53,87,
11204,70,35,0.6247772637460551
11208,51,1,0.47318294972390895
11210,49,13,0.5040926023751061
11251,99,64,0.37529126726282575
11296,79,32,0.6231928519299741
11323,47,8,0.5707660145337429
11393,55,81,
11448,77,52,0.3770673212675317
11483,96,59,0.3750258963395807
11500,22,65,0.6245923706540248
11532,32,74,0.38913171527482776
11586,22,27,0.3952059057103762
11593,89,76,0.6248211175120193
11662,85,22,0.38067080514122326
11677,79,44,0.43063524066054026
11722,69,61,
11770,97,84,0.6091366573417136
11799,42,64,
11813,39,54,
11819,95,43,0.6231829665376575
11827,71,0,0.5181880417711238
11832,58,83,
11833,62,71,
11871,78,33,0.6214209559335778
11883,63,79,
11894,82,28,0.5590185985763139
11965,86,49,0.4709485768006199
11971,2,77,0.5021630961003641
12020,70,92,0.3893831138227439
12023,98,21,0.43011979603795253
12064,62,81,
12101,19,14,0.6029628978782523
12139,81,70,0.4279512510503334
12178,72,94,0.4883827422550293
12185,73,15,0.5462275449281916
12215,67,84,
12369,3,8,0.41349617784650133
12384,9,44,
12407,78,42,0.5251619853265174
12443,86,77,0.6037619901837114
12517,66,39,
12520,94,97,0.4984448223996663
12552,84,43,0.4555830231318788
12577,24,47,0.3760093523361756
12588,14,11,0.4622901713504655
12604,65,80,
12649,94,79,0.5569316976110623
12655,26,6,0.40800733901750463
12720,71,42,0.60857761886081
12784,30,19,
12815,64,46,
12827,43,72,
12843,21,4,0.5716362455826725
12848,63,14,0.4514123409054233
12888,39,47,
12993,31,22,
12994,96,17,0.5391969227583546
13036,72,62,0.38209245422925064
13051,17,20,0.4065482008353971
13079,13,96,0.6021213227425976
13104,33,99,0.38040687249513794
13111,30,38,0.39775614522451586
13121,40,58,
13176,37,99,0.4225765083318014
13177,74,41,0.3758313081641127
13225,95,58,0.3750243216499844
13226,49,24,0.47465443963989945
13267,7,86,0.5883771742205814
13272,4,99,0.6153630577952061
13350,88,3,0.5918484942629264
13401,92,37,0.3795539330370549
13409,82,6,0.5858727465951749
13440,54,70,
13441,71,61,0.39362660179253595
13452,61,19,0.4161562615011274
13498,31,3,0.48933384836271326
13538,5,78,0.37711437954899224
13605,30,0,0.3752760912176803
13647,57,79,
13658,57,50,
13668,35,3,0.567305385333831
13669,72,91,0.38013756060196335
13692,50,42,
13762,27,2,0.54883726870631
13795,43,89,
13828,64,70,
13836,16,42,0.5890819027282386
13861,3,0,0.4670960308705996
13905,80,91,0.6210566080573297
13927,66,53,
13930,63,57,
13981,57,10,0.5409579605397252
14055,80,21,0.49836625061363277
14063,82,87,0.4237111054494437
14153,87,37,0.5856091456483503
14176,90,65,0.39137722007766473
14229,24,39,0.5867922894531492
14238,15,17,0.38137346586501386
14251,55,61,
14273,12,97,0.420201551528507
14308,70,88,
14314,2,13,0.4091300107269896
14339,98,18,0.5335828173904451
14371,59,30,0.43909449479108875
14400,54,55,
14435,77,22,0.4283741354279186
14462,91,73,0.6075955000925115
14509,13,77,0.581666447995478
14585,45,97,0.5229696975378737
14589,61,17,0.6230897220853246
14597,33,96,0.5321188945136418
14629,71,45,0.4525746868391993
14658,40,83,
14671,28,90,0.5887008120678238
14684,13,67,0.6094464241653154
14686,62,64,
14770,61,7,0.5151354574286063
14806,24,96,0.4116730060811426
14827,24,22,0.4521929534861472
14911,81,30,0.40133094445324646
14977,42,45,
15024,31,13,
15043,76,68,0.5868524117351415
15083,88,46,0.3920452654714924
15094,42,6,0.48342989284336846
15139,1,62,0.6085009897501976
15180,70,91,0.5175737992356033
15184,40,53,
15191,65,37,
15196,89,94,0.3963893945716682
15285,57,44,
15387,98,7,0.4031988403493028
15393,20,45,0.5264953464672861
15399,66,30,0.6248336229543393
15448,8,17,0.37746347273004816
15451,81,62,0.6210370026797448
15457,12,49,0.4486194861806568
15460,60,10,0.37963900809035367
15475,96,12,0.4330428964598864
15484,46,19,0.37674419551234
15511,76,50,0.5896503956546246
15531,77,79,
15543,55,97,0.46802561856114133
15547,25,4,0.556724107753878
15601,87,20,0.6005795959697093
15613,34,84,0.6203678314718135
15626,82,15,0.5084841209708141
15660,73,47,0.42425002089130087
15681,31,12,
15701,46,45,
15720,95,53,0.5265893750276074
15733,71,56,0.43063524066054026
15744,94,16,0.4162333380634876
15764,68,35,
15767,50,38,
15821,53,89,
15861,49,41,
15994,52,87,
16000,17,54,0.5884863613130166
16074,59,25,0.5755342238055718
16089,9,80,0.3827430076344799
16130,91,43,0.5771806925636318
16137,90,70,0.3975859588827646
16159,36,25,
16199,90,63,0.6008391459764197
16218,46,90,0.5735333825560166
16247,65,62,
16250,39,24,
16276,19,8,0.5441872197369386
16278,13,10,0.49163216044161573
16279,36,31,
16307,35,45,0.4351608141398938
16331,11,76,0.39168567015672456
16349,77,88,
16372,34,6,0.6235799896389163
16375,28,66,
16415,28,14,0.6061760370573331
16450,74,33,0.4724832370200116
16507,67,99,0.6248786770402073
16530,80,23,0.5957885639103296
16545,65,56,
16549,77,33,0.5019630184998145
16571,38,67,
16596,34,63,
16608,9,93,0.41308201259356425
16648,23,68,0.3936572143855411
16662,56,53,
16674,12,15,0.6246544054426356
16680,37,33,
16683,81,76,0.5441635486875739
16700,38,55,
16716,10,36,
16734,73,17,0.48514618233757595
16782,43,63,
16898,18,27,0.5309938853330415
16906,80,68,0.3986854481853708
16986,81,82,0.40187303163472343
16993,9,76,0.4737695936238414
17025,64,9,0.4639189252656953
17027,58,49,
17125,15,47,0.5577172483233437
17135,14,1,0.39878793093916415
17144,85,88,0.44925525488475543
17166,20,28,0.4735616119253314
17190,38,72,
17215,8,20,0.4435695346321439
17277,74,46,0.601473068981194
17278,25,41,0.4383350705722035
17312,30,80,0.3927347285044018
17317,71,16,0.6054437595012786
17343,78,99,0.6111025092592912
17354,80,4,0.45734483990150876
17381,43,12,0.4992705098063276
17447,83,32,0.6097351662462865
17475,89,19,0.5515398272921067
17539,0,6,0.39062217905791136
17551,76,93,0.4221061049431615
17556,41,50,
17588,20,31,0.5261164680944007
17589,93,16,0.4555830231318788
17652,26,33,0.43186429514022845
17657,49,82,
17658,56,64,
17664,79,4,0.47739140656384943
17704,17,61,0.6230897220853246
17740,51,74,
17759,7,76,0.5046925456634046
17801,22,84,0.5300481847836678
17806,61,63,
17823,91,21,0.5950670689178588
17864,40,99,0.3995815779188531
18063,25,68,0.37733263591554356
18101,22,25,0.6228642363182177
18113,49,23,0.6163821765527465
18120,52,79,
18166,63,50,
18191,86,15,0.3957016038782598
18201,53,26,0.5222397821336591
18266,36,64,
18351,53,85,
18439,0,40,0.5147381153955584
18445,54,12,0.4357139137390629
18538,35,93,0.37872001577356246
18577,95,93,0.6181923976587691
18604,91,18,0.3841704902627669
18619,83,81,0.47418089933178204
18711,28,40,0.4628508693111362
18723,2,86,0.43502878291467506
18741,85,67,0.4487072196020869
18783,21,75,0.5558307256884926
18886,99,28,0.5953395726696543
18889,26,95,0.5612767505988615
18995,9,23,0.386181204064484
19049,55,33,0.3958974683366038
19066,60,7,0.38102218650383607
19082,53,52,
19111,73,31,0.600636700143605
19140,1,12,0.4695192675964509
19150,76,10,0.5728846067761376
19164,14,50,0.5658519138291449
19243,38,18,
19305,92,69,0.4310657138457199
19312,22,73,0.5760941098117963
19320,86,47,0.6189817050711033
19323,81,39,0.44678358132811763
19358,1,51,0.47318294972390895
19379,9,53,0.42094481367211406
19383,11,9,0.452073614650007
19446,27,48,0.3783347680967196
19498,23,10,0.3852477117827393
19505,39,94,0.3759134332141887
19533,80,54,0.6057447065769154
19541,23,82,0.4186619972179555
19595,36,55,
19608,42,76,
19658,98,31,0.5091789168752546
19695,2,32,0.42520855866360735
19714,49,58,
19723,15,36,0.3925595610852676
19737,14,59,0.37907000669563506
19740,64,73,
19920,99,0,0.39150530560646407
19932,45,99,0.6202489160883212
19937,44,31,
19949,76,24,0.40640703743636025
20014,15,56,0.5438244726359707
20028,22,69,0.39848554620308846
20041,67,74,
20057,91,35,0.3917147659915212
20068,80,65,0.5477649086972435
20145,23,62,0.6127352425115442
20150,52,58,
20156,65,91,0.6193615831236252
20181,59,62,
20193,28,67,
20225,68,78,
20273,23,46,0.6135693278537537
20277,49,51,
20299,58,89,
20310,17,30,0.4135894792440218
20349,89,80,0.4889023202598647
20375,6,72,0.5660713838837532
20396,33,79,0.5957267149854183
20397,83,99,0.6238926726062478
20457,17,46,0.5831179016040531
20595,16,15,0.41264253433300985
20648,38,26,
20701,59,49,
20726,12,95,0.5936148217034555
20744,29,41,0.4506107081324725
20801,97,60,0.4200632442070145
20808,38,80,0.6064610961443948
20874,71,62,0.43173482598348956
20881,77,62,0.37514297564414256
20922,94,33,0.38217171701946706
20940,90,27,0.5661208389243755
20957,91,61,0.44248959949512695
20959,25,58,0.3968836804430338
20978,21,14,0.45766641698880334
20989,49,4,0.376428794024792
21092,70,29,0.3755555933982389
21198,13,8,0.38681680908684224
21214,44,19,0.41188836737822576
21217,36,60,
21259,54,94,0.6184253911870906
21265,43,42,
21305,15,33,0.3839075802557388
21322,21,32,0.3967378602354425
21340,27,54,
21344,69,36,
21371,26,20,0.5330969870619544
21450,38,12,0.5678594102820228
21453,79,89,
21473,37,5,0.6213392623793857
21498,86,3,0.38878511518632286
21520,75,96,0.5682757847467552
21551,53,75,
21586,19,55,0.5040799571974797
21689,60,70,
21721,32,7,0.5796091725538469
21722,79,1,0.3792501573704052
21816,20,49,0.6249995611743165
21878,61,6,0.6166972742641028
21885,61,0,0.5956892352601548
21896,77,59,0.3781175219518434
21970,58,26,0.3750155148673016
22010,92,77,0.4004189995033067
22019,72,59,0.3752791296015031
22035,31,72,
22054,15,8,0.4041366202674893
22055,71,1,0.38258494193221304
22070,49,45,
22115,8,37,
22192,37,4,0.6249647311366384
22203,10,15,0.38340014032312475
22209,17,17,0.3769577807008769
22239,23,59,0.6230897220853246
22276,91,79,0.3798079987521402
22282,41,78,
22297,49,39,
22323,59,1,0.5878687710820261
22364,48,30,
22378,92,35,0.5223419990921983
22479,58,31,0.37533514723393596
22480,17,90,0.3797214104482057
22599,85,24,0.3835495703058652
22639,50,43,
22645,13,16,0.5441872197369386
22667,27,84,0.6099081807806003
22699,45,28,
22764,68,24,0.54683879086161
22768,19,1,0.3752847392810183
22888,21,21,0.3967778416431421
22889,45,53,
22894,24,66,0.3757966750162689
22903,37,19,
23027,72,74,
23031,45,78,
23053,25,22,0.6228642363182177
23055,21,82,0.5220877402108179
23059,49,77,
23078,33,9,0.5088252430285191
23082,63,58,
23154,39,31,
23178,63,66,
23186,8,61,0.6224827102160234
23203,43,56,
23219,24,75,0.37900487098353663
23304,58,81,
23326,58,43,
23336,76,56,0.5274475917589362
23354,95,80,0.5848959409698009
23418,39,22,
23432,70,67,0.6224619249695078
23442,34,4,0.4423973850001927
23480,67,73,
23537,19,10,0.6237061368062422
23552,44,12,0.5571322772402584
23554,10,65,0.37533514723393596
23604,24,44,0.5799621074030602
23616,70,40,0.38913171527482776
23651,91,85,0.3753989034737239
23670,58,46,
23690,48,24,0.5504667966579312
23695,8,47,0.5707660145337429
23746,74,2,0.47228807613511187
23757,77,53,0.41574567682096103
23794,77,61,0.4909296798931445
23807,76,41,0.4883625191370622
23827,53,5,0.5544166797595517
23845,89,22,0.6151226777670116
23896,79,80,
23966,43,19,0.3808823954598388
23992,44,13,0.40481953909445656
24065,44,37,
24120,41,34,
24185,72,42,0.6238423235564361
24204,2,64,0.38068816903030117
24214,29,40,0.45854225063917853
24218,69,37,
24222,90,99,0.38759623634239737
24238,24,63,0.4324067371865297
24276,7,16,0.6050817545407094
24288,67,26,0.5399561629887711
24317,25,25,0.42013724360438254
24392,70,48,0.46489015043522186
24414,26,21,0.46939399756621514
24442,37,61,
24446,90,9,0.5282846672520587
24458,27,99,0.5742423748669815
24468,84,66,0.6249157086511972
24487,43,18,0.397485837348457
24565,71,6,0.6170182958469598
24569,6,46,0.5638315047476167
24576,72,9,0.6187338963486665
24620,31,1,0.6249663958674727
24623,69,67,
24624,75,40,0.482438739606906
24668,64,29,0.4014897800246142
24680,76,39,0.614176249914246
24712,83,54,0.3804652417704472
24718,33,32,
24764,61,91,0.44248959949512695
24857,73,14,0.3750148045376854
24866,65,63,
24872,56,99,0.46106053592527446
24876,62,59,
24890,4,6,0.6160444766968615
24948,31,55,
24979,31,19,
24995,28,69,
25021,94,18,0.5685090539436553
25023,32,41,0.5914972047138457
25032,2,29,0.3805105149853384
25054,9,74,0.3783943098335496
25057,55,88,
25066,47,63,
25092,84,64,0.3834632521243164
25125,68,38,
25144,28,10,0.6227278681754794
25219,39,34,
25221,75,6,0.6079713603755141
25263,74,40,0.5815877736092131
25269,69,50,
25412,25,36,0.39449371414226947
25415,47,67,
25435,57,31,0.3766021391111503
25458,10,46,0.5047507710793028
25478,21,93,0.613717008403322
25504,99,57,0.4778051191043044
25540,71,22,0.3750148045376854
25544,12,5,0.37522199439562404
25554,52,39,
25573,68,33,
25578,24,65,0.6235887339770306
25598,63,59,
25644,4,39,0.6145413466844799
25708,84,10,0.48892255138072904
25717,32,15,
25724,63,71,
25792,72,6,0.5660713838837532
25813,99,32,0.4505339482979281
25826,51,24,0.5271509429503802
25840,48,10,0.4254258917517282
25861,78,81,
25922,99,61,0.6173305517528543
25930,72,47,0.5492170486150787
25936,64,68,
25946,63,7,0.4706161063831274
25951,67,82,
25955,47,76,
25967,25,86,0.3937118497520514
26015,7,50,0.5478608909575161
26021,52,73,
26066,60,38,
26143,33,87,0.6222868769387445
26194,70,46,0.5478187488000754
26245,99,23,0.42428021689923684
26250,65,78,
26295,49,14,0.4133098523342753
26310,74,1,0.6156688755042995
26332,80,10,0.38913171527482776
26346,53,10,0.3751700675763536
26428,7,81,0.37501804426379354
26441,87,76,0.3825562999473322
26473,31,8,0.46103649194016344
26502,37,69,
26580,35,83,0.42055498395408275
26600,42,50,
26717,37,43,0.4634923073320508
26739,94,10,0.3852658075268537
26774,17,25,0.38258928266621156
26782,34,52,
26784,45,47,
26835,8,54,0.6147291831465516
26899,77,15,0.4486726088571637
26928,98,57,0.387371134493404
27068,78,59,0.5000456212958402
27172,98,26,0.5163265363469445
27229,17,78,0.6194552264514264
27242,19,66,0.5023175610937914
27328,36,87,0.6248306040076231
27348,62,43,
27352,64,25,0.41050684179257746
27371,89,88,0.612545270308594
27387,65,40,
27393,52,93,0.566339962908215
27425,70,2,0.3876950299514683
27456,12,14,0.46437025562115497
27467,50,19,0.6186041710952627
27477,5,75,0.455022400189766
27608,68,14,0.5691771404671286
27632,84,45,0.6233678184390362
27644,73,42,0.3840347840383107
27675,47,60,
27700,6,73,0.46179782648734546
27737,41,5,0.5567872950007043
27738,55,43,
27762,47,50,
27796,34,26,
27797,52,69,
27810,91,54,0.5163466733166893
27835,44,71,
27839,79,17,0.6003066914563031
27863,45,65,
27867,87,73,0.5260223611622634
27898,64,43,
27915,28,78,0.40927623810676717
27916,1,57,0.4351608141398938
27922,58,29,0.4052395196810638
27930,12,77,0.4605458277721917
27969,49,18,0.37728321668417836
27977,94,78,0.6234124001873265
27980,80,77,0.3805410602373127
27992,18,3,0.5522150453511112
28073,52,54,
28074,56,94,0.5391776354885663
28081,92,60,0.547340904011653
28103,33,64,
28133,84,75,0.6243229786136443
28141,7,97,0.6236031156900294
28177,24,35,0.3753165061795277
28178,93,69,0.3914763797673316
28187,17,26,0.4257943403272454
28203,82,21,0.5220877402108179
28280,32,33,
28281,63,98,0.6216267859496988
28309,91,45,0.38821606827977473
28315,95,52,0.6177111202016429
28326,3,17,0.3864010753588975
28335,49,3,0.6196643956130026
28365,65,50,
28385,17,0,0.4041366202674893
28395,27,94,0.5000456212958402
28425,45,68,
28473,58,30,0.5233256859157065
28541,77,42,0.6137842349298261
28643,53,88,
28654,92,62,0.5936013610176099
28692,28,28,0.5448688640370228
28707,7,13,0.5618895543280253
28743,58,68,
28760,10,78,0.5687567188550001
28798,50,86,
28819,58,18,0.6141999545640797
28821,76,82,
28835,54,73,
28842,50,91,0.49547449489708995
28863,63,72,
28934,33,44,0.47894271161266405
28939,43,14,0.38422866063045424
28946,15,94,0.4110674907090424
28948,7,78,0.4996833676988718
28979,80,31,0.5760116676773969
28996,66,87,0.3895973766096443
29043,9,78,0.4688932456844217
29063,6,91,0.5350782246865786
29131,83,30,0.6186528649034457
29162,11,15,0.6247972013906253
29168,95,31,0.5549155213380145
29172,40,28,
29230,62,41,
29273,60,75,
29370,46,51,
29385,75,10,0.6249431534986589
29388,9,64,0.4639189252656953
29395,5,21,0.596074384408855
29501,5,90,0.622320374146621
29512,66,26,0.48499279853421007
29513,87,89,0.6248758744516627
29552,34,0,0.5433829377068207
29566,69,4,0.5413478058612865
29613,46,71,
29665,44,67,
29674,51,99,0.4392361452273339
29683,35,70,
29704,45,20,0.5264953464672861
29711,38,21,
29742,87,27,0.4347195803314643
29777,67,59,
29807,24,60,0.6098804143889563
29824,6,79,0.61266841948534
29854,74,9,0.3783943098335496
29871,58,76,
29884,61,34,0.3823452381582724
29899,32,48,
29998,75,1,0.3770499300413957
30021,61,53,
30066,97,72,0.6006862475396182
30068,30,13,
30080,44,3,0.5462816759657044
30087,87,47,0.3904411860563383
30094,89,97,0.5166605402107459
30176,83,34,0.41562596826992726
30185,78,69,0.436362415038985
30198,12,21,0.6249220052881868
30252,96,19,0.579728218502259
30289,4,75,0.48730875639816607
30326,38,47,
30366,91,90,0.5460650915959796
30372,58,51,
30461,17,81,0.4655227040793767
30513,20,1,0.6230998563889341
30537,17,75,0.5940115463737761
30568,77,94,0.45320351636629724
30578,30,15,
30645,25,11,0.6245324763631026
30654,3,10,0.37916867891255635
30675,34,37,
30678,54,56,
30686,4,86,0.6181667964363362
30691,98,35,0.5497869334281082
30692,85,0,0.482438739606906
30774,18,86,0.6164384568061556
30825,21,95,0.4737126267890268
30861,72,50,0.5961488936043559
30878,25,27,0.49143251524310977
30879,2,70,0.3876950299514683
30936,82,42,0.6247424438409837
30948,41,53,
30971,64,2,0.38068816903030117
30983,79,40,0.49240569326832856
31002,27,95,0.42052568377560445
31008,24,16,0.4764081183267321
31017,34,28,
31040,34,81,0.47027156677587817
31041,95,84,0.38280542451396765
31054,90,92,0.40609035559533563
31143,7,67,0.5520446715229909
31210,84,92,0.37758859971034886
31241,94,58,0.4019971174431464
31258,78,28,0.40927623810676717
31271,21,97,0.5072277187224243
31317,71,24,0.3754514784588629
31336,78,7,0.4996833676988718
31347,14,91,0.3975743148715257
31360,88,56,0.4781990826670528
31404,81,80,0.6094867718664008
31419,31,42,0.37728321668417836
31434,88,12,0.37573537149736397
31463,97,87,0.4360900862156929
31467,10,6,0.43868350777173715
31512,73,58,0.3903449848810218
31519,4,45,0.45507676943274755
31520,96,11,0.431215767542277
31557,65,33,0.40243099958310496
31612,60,25,0.4899320942364223
31614,44,65,
31658,66,91,0.38211181482905726
31783,10,19,0.6237061368062422
31789,3,57,0.39737146851297034
31864,38,17,0.45978713879628375
31894,65,58,
31911,56,58,
31919,21,48,0.5530582105507991
31956,47,42,
31988,13,61,0.5859849447978729
32029,83,23,0.4982700365077903
32098,40,25,
32114,57,41,
32142,57,26,0.375659772556718
32153,93,99,0.5682269699349283
32162,68,63,
32183,0,73,0.5856515933164289
32204,80,49,0.6127800788372805
32208,41,72,
32209,14,77,0.6247772637460551
32223,36,43,0.5563784800938023
32293,85,25,0.5255167179451206
32294,51,81,
32302,57,91,0.43338119048680246
32316,45,73,
32328,61,16,0.5343092543119989
32364,51,80,
32379,44,30,
32398,33,70,
32440,93,57,0.4650263009531536
32463,95,19,0.4501132317877188
32525,96,93,0.397737185488779
32533,3,93,0.6222868769387445
32600,77,69,0.6190428953652104
32602,45,98,0.5429289042970646
32701,66,9,0.5732565900230495
32750,14,76,0.4844924762425402
32766,44,72,
32827,10,22,0.5209998642830094
32868,96,25,0.4741238916413846
32899,2,87,0.6222452550557578
32931,72,16,0.6245201400759064
32944,99,9,0.5377533284503555
33002,20,33,0.41161389130177795
33019,81,79,0.4360357280947856
33046,8,43,
33086,87,70,0.6029772436082403
33164,69,96,0.6062948207652505
33174,78,82,
33213,96,53,0.4405665252239797
33267,29,2,0.3805105149853384
33290,10,26,0.3787575174469382
33308,54,5,0.3806248918390084
33309,51,20,0.3750190478246089
33323,10,30,0.4907756042988292
33360,74,16,0.3768455511735288
33404,88,8,0.6088551551768979
33408,47,43,
33415,78,18,0.38538373426101563
33445,7,65,0.40111364177495573
33461,38,51,
33504,94,31,0.4709485768006199
33513,15,21,0.4051173775173621
33706,90,77,0.5215540160116473
33709,48,73,
33812,98,43,0.6064305498703387
33839,54,66,
33842,86,45,0.6125110554452329
33913,60,85,0.4505339482979281
33914,7,14,0.6209983177779816
33920,73,7,0.37696001177774024
33962,68,82,
33964,19,9,0.5964121950862671
33989,19,34,0.47298753853663184
34016,54,30,0.5194450949667709
34017,93,43,0.5471744545278455
34019,95,62,0.6050254585773297
34038,56,30,0.41298013293015534
34064,99,30,0.43085032953615005
34073,7,73,0.37696001177774024
34088,84,91,0.48261676822853805
34212,36,98,0.41337007919211205
34218,86,30,0.5175939084506341
34243,94,93,0.6170813921831662
34249,12,73,0.5446702211898937
34266,11,58,0.5222397821336591
34285,45,0,0.5300924602953164
34324,78,68,0.5831803016101164
34327,69,71,
34353,80,84,0.3937011615864255
34409,58,97,0.6231178581059761
34439,26,47,0.4832315752355166
34484,74,7,0.3750148045376854
34520,39,14,0.5252066649923145
34557,82,49,0.3799129037926172
34566,77,2,0.5021630961003641
34625,48,89,
34626,60,93,0.6185142873411904
34645,17,36,0.3750927840372392
34656,56,73,
34664,40,50,
34681,6,27,0.5756834969694847
34767,99,36,0.37619758380809787
34839,54,4,0.3750755222222677
34847,69,99,0.5694890895736746
34850,86,73,0.3932518738695794
34861,36,73,
34880,73,65,0.5780404270946018
34899,11,98,0.6184318900736044
34914,87,65,0.6081305633530633
34920,33,77,0.5019630184998145
34932,7,49,0.4289628036779961
35049,52,95,0.6177111202016429
35057,0,72,0.4391343329187607
35067,26,43,0.6223520976124773
35107,45,71,
35149,2,36,0.3755758109176634
35179,47,71,
35186,49,31,
35192,58,55,
35203,24,14,0.43914538398595804
35209,95,16,0.3763482343801797
35234,11,24,0.4229568961890778
35243,78,50,0.5860878388883148
35277,96,62,0.3802910535318346
35316,31,23,
35410,62,38,
35424,62,70,
35428,87,95,0.5796345833122089
35471,56,9,0.37553152598968853
35515,80,12,0.5754110722442075
35518,5,70,0.6249477172270642
35635,19,58,0.6241372074142479
35656,34,72,
35681,9,92,0.4047194667179687
35714,15,57,0.4058017496283229
35798,90,28,0.5887008120678238
35830,1,97,0.3781175219518434
35845,14,17,0.5053379545258401
35865,17,29,0.3785989385882592
35935,22,11,0.4299917558204297
36046,16,43,0.40481953909445656
36076,75,52,0.3964333731869971
36091,82,33,0.5606686988690719
36194,22,2,0.5991229636149104
36224,28,80,0.42372719619728816
36274,80,85,0.42801547738559276
36275,22,56,0.5781215492718017
36331,10,69,0.6115025654293469
36335,35,42,0.5976212304709771
36355,67,10,0.6061452759075512
36381,71,66,0.46736978662189005
36470,98,54,0.6249803848822717
36525,67,19,0.4482133930523576
36542,95,12,0.5936148217034555
36566,63,69,
36607,97,48,0.37797745235250324
36629,68,23,0.3936572143855411
36634,29,61,
36669,53,98,0.4792223872789962
36685,3,55,0.44725161009529846
36710,62,26,0.6025547385222536
36711,36,82,0.5428741765600832
36713,69,20,0.4410439397787607
36761,25,91,0.6054124557160332
36789,57,34,0.5959543560918429
36830,31,17,
36834,16,36,0.44099256712389207
36836,43,41,
36854,42,16,0.5890819027282386
36889,78,17,0.6194552264514264
36892,9,55,0.43202152855607306
36916,95,96,0.40784632806077925
36936,45,41,
36944,57,51,
37045,67,54,
37068,29,72,0.49346278858593134
37088,57,77,
37094,15,67,0.6009348820106528
37099,41,82,
37132,32,34,
37135,21,16,0.4229568961890778
37204,73,80,
37206,8,84,0.38569012403974146
37207,22,72,0.40202068233977695
37296,42,19,0.6215426869407108
37347,82,78,0.4206645412014034
37389,33,16,
37466,76,16,0.5241239766389426
37483,54,26,0.6183302209227222
37566,75,39,0.6059575761720688
37608,73,48,0.624268206931751
37660,74,61,0.5344091348724732
37698,34,2,0.6151404420346152
37733,90,49,0.5676039175735241
37739,95,71,0.4840577917969356
37757,95,34,0.5100553073510612
37786,89,40,0.4463690877079728
37815,50,6,0.42043577058715426
37816,97,43,0.37501740513904275
37866,54,65,
37885,51,26,0.3781881884332911
37904,92,18,0.5052544586949576
37931,26,9,0.3960013487091499
37939,94,64,0.40470632076253255
37941,72,61,0.4555830231318788
37943,72,45,0.532791543170787
37989,70,61,0.6090983247217985
38056,48,6,0.4823935781237796
38105,52,44,
38148,64,37,
38205,35,27,
38243,54,67,
38289,18,62,0.4336879896803804
38318,24,4,0.37570899737843694
38325,97,80,0.40203329626115764
38361,13,52,0.43386843691285243
38381,68,83,
38403,30,90,0.4228911033208414
38415,84,42,0.5358652144061198
38442,74,62,0.6209868602296991
38474,96,20,0.4310171154793113
38501,33,5,0.6167643212800037
38593,97,67,0.48307090593320423
38605,56,44,
38644,79,31,0.48459556112392393
38664,2,76,0.6224735937411932
38696,91,12,0.4715525639656189
38703,51,14,0.5853504217254827
38716,7,33,0.4778300213630287
38746,37,35,
38771,60,6,0.4103672520238182
38778,59,16,0.3950652839024085
38802,65,65,
38858,12,85,0.3962309678376209
38896,10,57,0.5409579605397252
38899,63,64,
38926,11,26,0.5978628174086192
38942,90,10,0.4288357401751116
38951,3,83,0.5759352571792852
38966,74,6,0.4431089278960338
39001,27,45,0.5213942776271628
39013,94,6,0.3755038904248953
39028,62,69,
39041,13,18,0.6243121383465093
39061,0,12,0.6125309227734053
39071,98,51,0.37589186567252564
39082,69,13,0.608401488587012
39115,10,39,
39141,22,70,0.5624718448508054
39143,52,45,
39179,9,86,0.6074339844800394
39228,49,68,
39238,48,28,
39272,26,54,0.6183302209227222
39313,7,22,0.4494683418863921
39375,17,52,0.5099517584860951
39377,28,43,0.3792351057464908
39378,88,94,0.6034260469829993
39480,92,82,0.4478149184269727
39489,3,79,0.5397665053084197
39500,23,1,0.6226011668469849
39532,11,49,0.4506107081324725
39538,64,17,0.3787433516526857
39540,68,34,
39553,50,40,
39561,71,81,
39599,89,95,0.4645304955104449
39633,55,73,
39684,65,27,0.4589631037912281
39690,77,29,0.4579644798097899
39739,36,10,0.40055540819332125
39744,11,77,0.45848728615870343
39756,62,90,0.46922454723564466
39762,80,47,0.4549326355742179
39767,95,48,0.6164172511701079
39804,14,79,0.5873665271036334
39805,42,98,0.38911418963418026
39819,48,50,
39853,79,83,
39913,99,46,0.565373255379647
39947,74,75,
39985,54,92,0.6221953303135628
39994,88,33,0.6225848456486764
40005,46,56,
40029,2,56,0.48973265246278214
40071,88,60,0.5361126460014057
40080,46,82,
40084,35,37,
40162,14,99,0.5272523354852986
40167,83,68,0.6216086303764442
40168,72,20,0.43593563505241273
40169,56,11,0.5490750004021041
40210,61,23,0.5567760237341625
40226,5,97,0.5046343192277284
40236,32,2,0.42520855866360735
40239,27,5,0.5030342444694439
40254,35,64,
40284,63,32,0.5281834698330863
40324,26,72,0.41507059646219996
40328,26,31,0.5508974616508558
40360,61,12,0.3859343486398573
40419,42,61,
40436,3,64,0.41778267392240903
40444,81,92,0.5821485979158671
40481,68,44,
40491,60,31,0.5540149720983255
40533,30,22,
40584,50,56,
40590,97,88,0.4836658825292942
40629,35,0,0.5372047734698054
40634,74,47,0.4412718944278979
40694,51,8,0.3909078637496937
40699,94,9,0.4596408923054736
40717,43,91,0.5771806925636318
40730,87,69,0.43974366088886596
40786,89,92,0.44685921229160647
40790,53,39,
40806,64,23,0.49361707194348675
40820,80,79,0.44956337474721236
40841,53,77,
40871,18,98,0.5335828173904451
40903,4,85,0.502059228861007
40915,97,19,0.5668800602133659
40956,82,8,0.5235794694667103
40983,85,43,0.38071919076932287
41067,14,68,0.5691771404671286
41068,61,32,0.5691391428824376
41087,41,58,
41103,52,55,
41126,74,99,0.44471838372609956
41140,20,58,0.3781406198478119
41142,65,31,0.5125173460126938
41150,46,11,0.44409452749271233
41182,39,10,0.43532114952449075
41202,29,0,0.44492751613970694
41276,55,35,
41278,28,55,
41290,40,30,
41328,67,27,0.4814862478098932
41337,84,62,0.41337007919211205
41370,8,94,0.40105013141673124
41407,30,32,
41442,95,29,0.47733410300651996
41492,11,61,0.38684155105016105
41566,10,23,0.3852477117827393
41571,61,20,0.5932715962476435
41578,68,76,
41588,47,34,
41589,42,28,
41601,17,62,0.48128837371912403
41605,87,5,0.37788690660255797
41648,52,25,0.5713183010487305
41673,11,94,0.624980743150181
41684,45,62,
41709,94,98,0.43757200692735754
41725,34,30,
41763,83,51,0.6152004924246286
41796,98,83,0.559264116081623
41870,37,37,
41878,16,11,0.501517237122067
41885,18,74,0.44807282471849147
41892,65,0,0.4899320942364223
41922,78,86,
41928,86,85,0.6247217272726759
41960,54,52,
41966,3,73,0.5586655042198593
41967,0,63,0.6178325186986569
42071,28,96,0.5841588610506934
42078,39,73,
42099,73,50,0.42623123691704495
42133,74,39,0.4466025847763219
42145,49,44,
42185,68,73,
42202,71,87,
42210,48,40,
42227,77,54,0.42121980331855124
42233,28,54,
42239,65,72,
42291,51,84,
42306,2,75,0.5891227681960921
42339,93,58,0.47559024360544694
42343,70,86,
42381,85,93,0.37745696503030113
42390,77,24,0.43567479776422413
42394,27,42,0.6248857146558733
42424,53,34,
42451,5,8,0.5970379336882875
42453,70,38,0.42312454866928184
42461,88,1,0.4096640106611738
42474,49,27,0.38430426938702983
42539,23,2,0.4494683418863921
42557,21,56,0.5307435157151613
42565,27,72,0.5997293442907832
42582,99,22,0.5787093571987258
42619,92,5,0.5331409719152296
42733,53,47,
42787,70,83,
42819,32,70,
42867,90,12,0.6083497241874958
42904,18,43,0.397485837348457
42930,92,59,0.6123982406365548
43027,18,20,0.516826175760846
43115,21,98,0.43011979603795253
43148,16,81,0.3768799677222884
43162,97,98,0.4606203969213013
43195,60,91,0.6248732647583269
43196,37,8,0.38256496672601775
43213,32,99,0.4505339482979281
43228,86,82,0.6243697956037966
43296,6,63,0.5935459506772833
43341,46,54,
43343,73,54,0.5830024506363505
43365,52,10,0.42842189595699376
43397,8,28,0.5386505008390787
43644,13,68,0.47361856358875976
43663,80,87,0.5590365024867853
43675,12,19,0.39592973296391903
43762,71,10,0.6238006808935709
43787,3,49,0.6196643956130026
43803,73,53,0.5800807914038348
43806,51,88,
43818,21,31,0.46248100151184585
43822,74,58,0.38210506304652797
43872,60,56,
43986,77,17,0.5093406204086467
43994,41,0,0.4050712231775545
44035,44,22,0.5864526265830724
44064,95,79,0.4731458789058817
44092,8,9,0.4695192675964509
44107,91,92,0.6243959323129884
44111,24,92,0.6172684219500709
44113,26,3,0.4965074477791039
44132,87,84,0.579329552276172
44152,20,32,0.3754335925793987
44159,63,0,0.6178325186986569
44160,59,11,0.5177343229756619
44169,48,80,
44174,35,15,
44208,23,25,0.5067244128827391
44276,92,96,0.4216374981091036
44302,99,92,0.39990531620421066
44318,94,28,0.528731061207739
44360,78,38,0.5542889524639909
44383,78,97,0.43277573037897815
44389,36,80,0.47694064444447337
44399,89,32,0.40237088049560193
44405,89,41,0.4629621541288832
44432,53,6,0.3872144782788393
44490,33,80,0.45805511110992525
44499,70,1,0.5196427388344689
44522,94,17,0.3799129037926172
44534,96,28,0.5841588610506934
44537,98,40,0.5013424475740181
44565,57,33,0.44963985192314626
44571,35,85,0.47992960128538165
44573,51,35,
44575,49,22,0.4832315752355166
44603,0,54,0.6244972562827502
44638,99,33,0.38040687249513794
44651,35,74,
44666,21,71,0.5738260160809366
44668,98,39,0.38632825061099924
44764,42,57,
44779,43,25,
44807,73,33,0.492501740578461
44818,4,53,0.52287510644364
44842,27,46,0.3872144782788393
44881,24,29,0.6218435756490697
44894,56,89,
44910,41,77,
44933,18,35,0.4437481603606394
44978,50,79,
45043,26,94,0.47798207880277
45084,6,64,0.3751813428295767
45116,5,42,0.5903272566521758
45119,8,41,
