,x,y,value
17,32,92,0.49518585891597
58,55,45,
69,20,65,0.49964027377939785
72,6,43,
85,96,27,0.5171670644155958
165,38,63,
182,84,34,0.4809298454358178
197,68,69,
234,3,54,0.5108506725766296
240,36,76,0.5190894155178659
252,4,36,0.4838816635447589
402,54,11,0.5171887710003252
404,82,15,0.49062833881345425
437,55,6,0.5105537950861927
456,70,47,0.5044697366567943
474,65,72,
511,40,83,
514,18,15,0.5169531736917455
528,83,43,0.5064307744319498
615,58,24,0.49841418049888897
648,31,26,
655,96,28,0.5024043873246989
689,84,98,0.5191538707834878
742,43,14,0.4881971057620946
747,56,43,
792,56,93,0.508917155490043
802,33,41,0.5030115154673329
828,51,50,
830,82,6,0.5189016660636764
836,5,29,0.5118031188229651
931,67,35,
933,1,52,0.5032642789657128
981,39,67,
984,74,9,0.5013325164335486
992,63,84,
993,4,28,0.481146952706064
1006,59,22,0.5139638749263281
1027,40,84,
1034,17,63,0.48321857184623024
1043,64,34,0.5169284152423528
1052,26,25,0.5085086964898431
1137,95,73,0.5191711365823105
1178,29,37,0.5084159484439366
1323,79,65,0.4809871220564148
1339,64,80,
1357,93,98,0.4975937592494468
1410,69,78,
1466,34,65,
1481,68,49,
1507,96,94,0.4833992260129033
1552,59,43,
1630,78,52,0.5187226675064631
1688,14,65,0.4965355233066818
1689,80,49,0.518710900279637
1785,59,65,
1824,82,25,0.4810700650855811
1827,42,26,
1829,43,78,
1835,95,60,0.5174547689958917
1857,65,13,0.5150710495616387
1865,14,9,0.49434568956913244
1904,38,65,
1932,63,80,
1982,65,75,
2001,86,22,0.5031608554873708
2019,1,43,0.4888131772293516
2046,68,98,0.4809495817458808
2051,15,25,0.4941498588120344
2054,34,75,0.518358430511352
2071,22,41,0.48083267063820295
2075,7,34,0.4998977957355556
2120,82,56,0.4860370612135092
2122,51,22,0.4852523768206466
2183,35,30,
2236,54,83,
2244,22,35,0.5145491496737905
2255,94,32,0.4860370612135092
2297,54,86,
2335,49,30,
2384,24,19,0.5097704762177098
2440,89,19,0.4841097996850719
2517,16,88,0.5176027064473046
2535,43,41,
2687,53,35,
2700,88,6,0.4927549356114072
2772,82,3,0.48344831922478776
2784,29,95,0.49260905489470347
2823,17,43,0.5133886297831689
2835,26,12,0.5101648335671983
3007,22,45,0.5094591561303781
3084,61,31,0.4909436300705091
3106,2,94,0.51867480192134
3108,7,38,
3114,31,83,0.5015885094773577
3126,48,78,
3147,90,30,0.48326832845503853
3152,75,72,0.48374450664900026
3185,67,94,0.5076745664779287
3256,59,7,0.48200887386382796
3304,43,75,
3307,82,78,0.4916323434650457
3327,54,18,0.519196268492083
3395,88,11,0.519214450358453
3453,79,21,0.5188426187175498
3464,50,7,0.5038684624098696
3490,11,52,0.48593070921379955
3497,65,71,
3512,3,85,0.49478959894790414
3520,46,95,0.514550555096469
3533,82,45,0.5187571713394354
3569,99,95,0.512867283084078
3603,61,81,
3609,66,48,
3669,57,6,0.49195477263597276
3673,8,58,0.49144635726035085
3695,65,46,
3707,28,42,0.5095926907383471
3762,43,33,
3816,61,55,
3820,99,5,0.4939086218706837
3833,54,21,0.5191631378958861
3840,15,98,0.4815247443428351
3921,69,98,0.5037706577052717
3947,46,20,0.48099442976176626
3989,26,22,0.517954300096474
3995,84,44,0.4807782016764888
4015,46,15,0.5046677828052359
4016,59,42,
4028,50,49,
4076,85,33,0.4956297503229679
4112,41,21,
4204,75,46,0.49289755860228646
4216,29,96,0.5108107740427059
4266,42,2,0.5068171117286163
4286,89,57,0.497803913184694
4290,57,50,
4382,9,77,0.48086025209926925
4394,54,10,0.5111448985399759
4395,81,27,0.509680445259656
4407,14,7,0.5191828486998883
4453,27,70,0.5175822283593262
4528,93,35,0.5017376377716033
4532,86,12,0.5192245715813304
4635,47,53,
4714,99,71,0.49356417429214317
4726,47,59,
4732,52,77,
4787,76,80,
4818,25,90,0.5063824616492282
4845,15,2,0.5097260759775799
4870,80,0,0.48077214586966344
4902,32,93,0.48170481251333996
4919,14,72,0.5106824060294896
4930,66,78,
4939,74,38,0.4808456623676561
4954,51,73,
5027,16,15,0.5018928102170163
5038,89,83,0.48541985958486944
5060,87,21,0.5036651032362564
5134,78,58,0.5158611439820721
5151,59,13,0.4958306405299897
5169,31,43,0.4852515147120947
5192,6,54,0.5023010777393447
5287,30,58,
5319,44,30,
5332,0,47,0.48223573637196443
5346,62,35,0.4811267513246406
5369,56,28,0.4826087158940466
5411,17,54,0.4815966299478817
5413,92,72,0.4828123259245532
5444,58,34,0.48783686584312846
5463,12,79,0.49729171680689666
5476,73,2,0.5169779328635872
5488,7,31,0.5006662592703605
5514,55,41,
5521,45,81,
5575,84,93,0.4883972022436265
5577,63,70,
5589,12,26,0.5101648335671983
5603,37,90,0.5191073488711802
5671,23,73,0.5191077436332754
5719,33,33,
5767,68,73,
5803,70,19,0.48572328549821675
5818,13,51,0.5030115154673329
5857,23,74,0.48217672127396527
5871,39,49,
5895,80,24,0.5181149665205217
5900,25,25,0.48211996084400605
5901,95,83,0.518675186666824
6044,13,30,0.5178226857845537
6055,24,1,0.4931345107624621
6099,25,59,0.5144485188413304
6101,92,19,0.4977524827667448
6159,22,75,0.48233469476081425
6168,69,0,0.51791781924214
6206,98,26,0.517476438286184
6222,17,93,0.49805407969665305
6237,93,2,0.5148800394062979
6260,1,83,0.5189893364000725
6302,4,73,0.4933253421201251
6319,58,36,0.5048172748372739
6324,52,88,
6352,35,63,
6373,67,83,
6384,6,19,0.48152414792804943
6408,6,95,0.5184477781478207
6454,51,98,0.4860727146606434
6488,57,2,0.5191931321230717
6489,86,93,0.4827441625548011
6543,5,2,0.5158912719874685
6580,86,15,0.5110632030242671
6589,27,69,0.48116764918932065
6669,81,59,0.48555362146767705
6715,14,53,0.48575640157275524
6736,34,80,0.5112717736967941
6760,86,99,0.4814268121395519
6773,45,31,
6827,65,29,0.4862494855715051
6844,99,59,0.488194348495244
6866,28,64,
6888,44,61,
6904,59,51,
6944,46,71,
6954,44,85,
6978,58,43,
6995,26,38,0.5055077339065475
7026,47,24,0.5192200887473737
7049,50,10,0.5097697819854472
7056,83,44,0.4977524827667448
7093,55,89,
7101,86,53,0.5166810611445564
7148,21,4,0.481209935998717
7165,62,41,
7387,69,17,0.5033152928669314
7427,59,20,0.4825436650549146
7450,62,44,
7452,26,57,
7476,85,8,0.48173647908797185
7566,22,43,0.5128263550884964
7571,10,12,0.48473927824478363
7617,1,93,0.5184753426954848
7624,74,96,0.5192299084792013
7672,69,2,0.48428328275697546
7704,20,90,0.4990287436296328
7742,69,80,
7817,70,34,0.5083715392066845
7899,0,35,0.5180444890700832
7977,41,91,0.48544963304518235
8022,1,42,0.4890640016801013
8041,7,94,0.4889398862539449
8100,36,62,
8129,15,18,0.5169531736917455
8230,79,8,0.5184896453418282
8231,10,5,0.5093702659962415
8285,83,13,0.4841367419288041
8299,74,82,
8317,6,0,0.48425442831489274
8336,32,58,
8425,66,49,
8438,72,50,0.4855532668003695
8658,42,4,0.4829511740041621
8681,38,0,0.507999648260819
8706,11,69,0.48455352112319117
8727,69,51,
8805,55,90,0.51859786636205
8846,39,35,
8863,59,72,
8961,5,93,0.5074379879324238
8967,85,16,0.4938595329387603
8974,12,97,0.4949382519511743
9034,72,77,
9081,11,47,0.5190768774621122
9126,77,98,0.4808288970361292
9127,22,61,0.5065300425086936
9172,95,9,0.4882388767906173
9221,83,56,0.510933800729643
9224,3,84,0.49543379833904483
9246,7,41,
9269,53,29,0.4958306405299897
9342,22,56,0.5086467575840322
9349,35,73,
9354,20,53,0.5165251344027462
9370,25,44,0.5096370664905627
9390,12,55,0.4940031026710681
9428,17,42,0.48248028345754324
9456,42,57,
9470,66,94,0.5189652050635832
9473,4,71,0.5165503252151094
9599,93,74,0.5157731019731797
9616,56,82,
9633,73,19,0.48464703817133603
9634,94,70,0.49699221199384586
9687,79,91,0.48505442078999955
9695,54,55,
9810,16,89,0.5191245498309334
9818,4,2,0.48199112132549643
9847,26,23,0.4998977957355556
9879,3,91,0.48089263321390135
9880,98,1,0.49474081110343876
9947,89,62,0.5128279564444801
9950,70,25,0.5174121916087221
9975,8,92,0.5189299947217128
10092,82,23,0.48458377755290205
10097,27,90,0.5067676664169345
10145,53,73,
10181,59,4,0.5126333197447204
10185,12,77,0.49608058236518193
10220,29,38,0.49080878615386264
10251,57,82,
10265,89,77,0.5136094997032876
10322,2,65,0.48278844465460663
10325,6,50,0.5039186410222716
10327,94,5,0.5143473290781592
10389,5,74,0.49390530914527897
10441,92,61,0.49246688492573487
10490,31,16,
10493,60,56,
10532,81,10,0.5148453074227435
10540,27,63,
10556,10,73,0.5192246464214597
10577,71,32,0.48775579619854037
10616,84,39,0.5136781222589156
10627,48,81,
10676,26,90,0.48309635284355
10696,46,84,
10726,80,98,0.48935823747575946
10761,98,60,0.4879531787180721
10804,14,68,0.5004088193694672
10807,86,84,0.4921377094999391
10907,66,70,
10941,4,91,0.5087847403282719
10955,36,7,0.5154460112135454
10966,7,57,0.4919082608890789
11003,37,28,
11030,82,13,0.5132786346587809
11054,85,55,0.48502576856758844
11113,62,90,0.5191539667676273
11127,3,8,0.5091907543274836
11168,85,21,0.48132610880209487
11190,43,38,
11218,76,60,0.5048183152336734
11252,69,53,
11280,10,29,0.4944925359800403
11333,50,18,0.5192245988484533
11352,12,22,0.49303913268084276
11369,7,12,0.5191672982202318
11394,98,49,0.481736815649637
11445,15,65,0.4824176752811121
11455,71,77,
11457,13,8,0.4865750330046011
11460,76,4,0.48694564633458287
11503,60,81,
11540,25,69,0.48125492909321876
11556,92,45,0.4914937254505754
11564,54,40,
11567,88,86,0.4917252168140024
11611,81,46,0.4896204120516266
11617,92,79,0.5192303270036545
11618,32,42,0.5114363276425304
11676,10,30,0.4845849018935651
11691,20,29,0.5156866805007296
11695,43,93,0.5041662245674975
11697,98,28,0.48103569806178037
11703,50,62,
11726,77,23,0.5067201838611863
11741,9,29,0.4847706755998312
11749,79,2,0.5137503390767657
11761,41,51,
11779,28,27,0.4966855135427547
11810,67,86,
11867,97,42,0.48302384645022733
11953,10,20,0.517189132423632
11975,48,89,
12036,28,1,0.4939063284240003
12079,56,42,
12132,37,43,0.48161156344745243
12155,19,83,0.48178519944027265
12205,75,14,0.5043172058768268
12208,64,87,0.4906274004071812
12209,30,33,
12213,93,38,0.5192287447078306
12227,31,31,
12252,3,79,0.50594615985002
12361,19,10,0.5172575098930965
12382,45,25,
12383,46,9,0.5083698460465464
12389,48,28,
12441,67,85,
12456,74,65,0.5035684104982316
12477,70,42,0.5184904576654276
12485,67,18,0.5178423697029705
12488,39,52,
12509,93,51,0.5186249488945157
12544,24,44,0.5191541585565157
12548,71,5,0.4862494855715051
12581,41,27,
12593,30,69,
12605,59,58,
12625,70,50,0.5117641113654882
12637,69,19,0.5166793229672811
12699,26,77,0.48868937078088565
12731,51,97,0.4866136971957333
12732,9,72,0.5169526663542279
12771,6,40,
12786,42,44,
12792,28,45,0.5028595979378299
13124,60,10,0.5181985746606035
13172,40,12,0.48292715729195707
13237,58,3,0.5095049030492095
13347,28,67,
13377,66,27,0.49237418231516467
13383,21,43,0.4840223809160076
13427,35,77,0.4809498020619172
13433,80,4,0.4888533624077673
13451,80,97,0.4887267150842156
13505,12,2,0.49158358088653475
13560,6,38,
13582,47,86,
13590,8,37,
13623,33,9,0.5045675190406185
13703,72,72,
13706,0,90,0.4845248074334682
13710,17,49,0.48159701978628694
13787,93,37,0.5109375577116207
13969,40,37,
13971,97,68,0.4808598088016467
13979,56,35,0.5059484593155074
14026,7,92,0.49897757270688026
14040,89,79,0.512713428480024
14053,30,88,0.4884393942670794
14155,2,72,0.49361679051467144
14163,94,16,0.5188824178413469
14164,46,13,0.49080878615386264
14216,17,33,0.5053595053537648
14240,73,85,
14301,60,58,
14306,72,43,0.5190702016864569
14331,91,67,0.4946374109280775
14380,32,17,
14390,46,72,
14445,27,54,
14455,3,25,0.4857223855412923
14472,54,95,0.5094572847199295
14495,37,32,
14565,88,17,0.48661041842454794
14571,72,27,0.5088753009206043
14694,16,74,0.48180074322931626
14723,60,90,0.5130176833195851
14797,79,60,0.5173478915139259
14808,38,69,
14824,60,16,0.5183879771008896
14828,4,65,0.5185590756562323
14891,48,91,0.500104903367939
14907,24,54,0.5179171361703994
14915,47,39,
14942,89,5,0.50999164921681
14972,10,63,0.5142425277927817
14993,69,64,
15030,42,22,
15039,88,4,0.48585940694750296
15061,48,48,
15064,1,16,0.48477051154845774
15075,64,71,
15076,93,95,0.51909621622833
15158,49,35,
15177,72,32,0.48819562103158654
15185,35,7,0.5049646400246729
15241,64,26,0.49518481847444906
15266,99,22,0.5117609231170585
15270,24,22,0.4809716981151388
15274,91,59,0.5190766059692415
15281,59,27,0.5141747373592739
15391,70,38,0.5185313179373137
15427,52,45,
15502,29,70,
15506,91,88,0.49810345922085436
15516,89,99,0.4808928764278495
15536,97,8,0.48092932609958816
15567,3,34,0.5127108077221151
15603,96,6,0.48083676205658415
15621,75,36,0.5154753645376057
15647,94,11,0.5185593571754896
15656,94,86,0.48807865224578467
15657,96,89,0.48129047812668313
15663,59,10,0.5087837843266866
15717,5,30,0.48168835112111164
15751,62,84,
15791,27,40,0.4841084378860391
15793,63,93,0.5013852361325087
15810,34,54,
15873,11,20,0.5111455553785755
15876,58,78,
15955,56,70,
15961,45,7,0.4808068971548335
15979,76,84,
16003,52,8,0.48151014554584753
16029,65,45,
16043,10,72,0.502403321086339
16082,13,13,0.5013311763246716
16110,79,30,0.48094286449625284
16198,4,42,0.4829511740041621
16261,90,18,0.5189979051565067
16284,20,5,0.5029603662637887
16306,23,25,0.4871738575660504
16343,38,12,0.48265293264121456
16357,52,85,
16363,26,61,
16403,89,64,0.5176455393026902
16414,77,25,0.497952688435675
16440,97,67,0.4836329563824294
16460,25,32,0.5187791609762841
16490,68,7,0.5047676516441972
16498,45,49,
16565,54,30,0.4824377275893498
16580,99,56,0.5179349100196616
16591,47,17,0.4844930127960348
16598,48,90,0.4866468587161469
16600,22,78,0.5141751004833038
16633,60,28,0.5184034604828154
16664,76,52,0.4823547936360256
16710,86,26,0.48672118347791254
16806,54,22,0.48183428994539634
16813,0,58,0.4947379684929685
16845,51,92,0.5140330357719536
16849,72,46,0.4918596158404032
16854,36,9,0.48374335833033894
16920,66,65,
16923,38,99,0.5142792466794961
17013,72,84,
17028,77,88,
17031,91,56,0.49683995202799786
17083,67,4,0.4837153281757404
17208,44,83,
17226,13,84,0.5094582204398308
17280,17,66,0.48212045544998666
17349,1,53,0.4852515147120947
17389,86,25,0.519179302893599
17439,34,8,0.5190704441215163
17459,42,32,
17497,17,67,0.48431286574355087
17532,23,95,0.4914896294560992
17616,89,25,0.5183573902007697
17640,16,71,0.5023524744995842
17673,32,23,
17723,60,20,0.48949043897163885
17744,31,58,
17748,78,9,0.5151989825454123
17763,15,83,0.512635142696219
17773,71,93,0.4832175222722261
17788,95,19,0.5180453250407518
17800,49,76,
17807,42,24,
17849,2,91,0.4820633578381133
17853,16,25,0.4863926009331959
17856,16,48,0.48175225047529496
17887,43,19,0.5084159484439366
17908,40,24,
17923,6,41,
17942,5,21,0.5192246124595017
17946,82,85,0.5053628595548341
17969,77,46,0.5008214740747021
18051,30,96,0.5112269467260756
18083,50,1,0.5005630265121023
18090,92,55,0.5189108428381157
18115,95,84,0.4970433627690441
18153,26,17,0.5176646805920361
18158,90,20,0.4990287436296328
18159,23,10,0.4933263499908813
18161,36,63,
18211,76,65,0.48555060715435594
18263,16,53,0.4936150165017005
18265,52,59,
18311,77,5,0.5180617741114416
18315,23,80,0.5190130113860576
18318,22,80,0.490405458954308
18387,28,87,0.4957795858552609
18411,1,78,0.4904080203093316
18412,77,93,0.5114384874943804
18421,43,51,
18465,29,34,0.5149754238517006
18503,82,9,0.496435298058472
18541,22,18,0.481552765595584
18572,25,39,0.5054094694330507
18588,83,98,0.4999450051510111
18597,96,5,0.4961341818504634
18633,54,1,0.5021979676436356
18719,72,99,0.494097999788626
18788,5,23,0.5108087742008129
18811,40,80,
18866,72,44,0.48195598795516775
18868,40,0,0.5074365013605229
18874,89,55,0.515041345145092
18992,77,26,0.48868937078088565
19097,79,45,0.4999506471343077
19128,35,32,
19182,1,72,0.511312814424907
19211,28,75,0.5185981397709214
19284,39,69,
19310,86,66,0.5128660850416956
19313,59,49,
19325,36,83,0.5159783791066012
19372,37,48,
19377,33,76,0.4878770151221812
19396,5,52,0.4815529933365688
19415,92,3,0.5133868939396389
19447,64,47,
19462,1,1,0.4809104019276436
19466,68,37,
19550,43,9,0.5139647985242328
19564,90,15,0.5180791194103886
19596,73,44,0.5038695151034421
19631,70,31,0.5090566194121129
19636,67,92,0.5158640298847237
19705,24,82,0.4918596158404032
19707,77,8,0.5181139742746945
19717,67,14,0.5088276648461596
19767,85,19,0.49289431298424086
19785,48,62,
19818,18,26,0.4845849018935651
19826,2,4,0.48199112132549643
19827,80,45,0.48379920401601695
19833,32,20,
19837,94,20,0.4878376982715702
19850,0,78,0.5182312681098105
19853,21,19,0.5014847507861386
19859,23,35,0.4829988284118976
19887,41,94,0.5160354742576396
19904,7,58,0.4818511699991206
19925,6,6,0.481920252104252
19956,80,9,0.489063117714238
20073,77,87,
20101,93,97,0.49683332685167453
20103,50,51,
20160,54,96,0.49410388121833365
20205,82,18,0.49989591509472187
20209,17,65,0.5182482707258732
20326,29,61,
20343,22,13,0.5171428152627945
20350,92,40,0.5110599064317355
20356,60,54,
20361,78,35,0.5120457866326098
20363,40,32,
20417,78,39,0.5192293729755265
20477,42,25,
20480,32,73,0.483219752867441
20481,64,89,0.5176455393026902
20532,5,70,0.51212508282452
20538,91,23,0.48076967633435047
20551,30,39,0.5191188433556729
20565,54,66,
20567,44,14,0.5081384493078428
20568,7,98,0.5008686382827987
20589,49,5,0.5159770334625737
20598,3,28,0.5031118921446721
20616,5,15,0.5163653631783008
20617,14,25,0.4815673081948371
20700,16,60,0.5183879771008896
20788,92,15,0.5185174135157993
20823,62,1,0.4965840862360352
20834,44,1,0.5074357580549933
20839,26,72,0.5044668622031423
20848,78,90,0.4842525775666925
20859,35,72,
20907,31,33,
21000,6,68,0.5048172748372739
21007,1,84,0.5046688253277394
21028,0,76,0.48097185367563533
21072,13,40,
21077,54,28,0.5181985746606035
21084,6,4,0.5002049616554902
21167,32,35,
21177,81,82,0.5057982477149192
21345,47,72,
21348,54,61,
21447,85,67,0.48087537806014546
21525,13,17,0.5167809157619961
21535,93,65,0.4950322578040972
21554,36,31,
21577,56,6,0.511640210245483
21587,43,82,
21614,32,56,
21621,95,94,0.5182140373584735
21639,17,34,0.4824171311659561
21691,84,36,0.49072101775574994
21699,94,27,0.5161173230717939
21708,63,0,0.48326978553956346
21717,65,73,
21724,13,14,0.5116408518154086
21727,91,16,0.4808070485603907
21745,36,56,
21770,17,70,0.49275219811799903
21779,51,26,0.5010251226256467
21787,39,24,
21798,89,95,0.5192216294254549
21864,8,75,0.519171495468477
21895,3,81,0.5146147349553857
21900,72,55,0.4912186182711997
21916,77,63,0.519224557925251
21983,12,86,0.5192245715813304
22006,4,24,0.4813257237504816
22050,39,56,
22061,22,28,0.48087037231841606
22124,10,70,0.5191930144156436
22169,45,59,
22177,17,30,0.5158043491686882
22197,72,30,0.5182312681098105
22236,90,75,0.5185049111245447
22253,69,84,
22300,11,42,
22314,56,1,0.48512167515490107
22348,31,19,
22382,95,76,0.5171413540128913
22411,69,9,0.504119598574257
22460,68,77,
22510,42,60,
22564,76,32,0.48807696579617943
22597,13,43,
22612,36,33,
22628,52,48,
22638,7,95,0.5184332403536146
22842,89,67,0.5022014373890099
22893,89,58,0.4807720761898762
22896,50,32,
22904,77,43,0.48144072567266877
22924,7,78,0.5055059319942657
22926,2,16,0.5010243177701469
22958,12,58,0.5158917258832524
22960,99,36,0.5072015729055985
22968,96,1,0.5182647109023435
23094,76,20,0.4900988301806818
23102,67,71,
23151,90,93,0.5036706416682128
23155,43,47,
23180,0,12,0.512322034069693
23190,93,48,0.5058963869823911
23227,1,55,0.49347022266934043
23231,71,49,0.4940054001463951
23257,81,48,0.48914712185066583
23287,39,87,0.505900734165126
23300,89,59,0.4807855289275521
23425,41,14,0.4981066675328805
23450,2,73,0.5169779328635872
23517,55,32,0.5071049505216247
23521,62,74,
23526,81,84,0.4807705816843015
23551,15,19,0.510935789796871
23565,95,11,0.49887122992092736
23576,15,77,0.5134972072512691
23628,30,49,
23728,6,39,
23751,18,33,0.4990783112962364
23817,49,9,0.4818516142705792
23918,60,15,0.5189207083283878
23921,59,59,
23941,64,95,0.4959787334642958
23968,87,79,0.4986656198987359
23988,72,83,
24006,74,4,0.5015879739794578
24017,67,45,
24055,80,60,0.5024043873246989
24061,80,15,0.5185321075219004
24084,51,75,
24207,85,37,0.4834500977318838
24243,81,97,0.48306930327814984
24256,48,96,0.5151965131908417
24323,53,60,
24368,35,97,0.5157763289467936
24372,67,13,0.482101651140731
24417,55,26,0.49049651079825196
24462,49,37,
24560,27,19,0.5191296951833237
24584,34,9,0.48210115986431806
24640,44,44,
24651,27,75,0.5063346109025769
24687,83,5,0.5052135168639984
24698,66,77,
24730,40,49,
24782,59,55,
24897,78,96,0.5126698860732021
24919,58,29,0.5065300425086936
24985,8,23,0.5109355687979273
25056,46,68,
25146,49,74,
25171,8,47,0.5180973388512732
25233,12,49,0.4917215791479967
25247,46,8,0.49608242357744653
25252,39,6,0.4883997734828406
25276,39,79,0.48535219952618897
25286,29,56,
25304,6,79,0.5075790110774017
25326,77,81,
25337,54,29,0.5133876654518102
25379,12,13,0.5118033309319321
25400,18,46,0.4950851526506021
25418,33,8,0.5001027540643134
25442,18,66,0.5157449671445336
25492,31,8,0.5191542304156614
25514,73,70,0.4924244584500328
25547,22,10,0.4856200419055541
25580,99,16,0.5108107740427059
25602,62,14,0.497342987690207
25606,22,22,0.5162842555670242
25689,76,40,0.5164712377956038
25738,93,19,0.4826761607958062
25761,93,99,0.48078152653439543
25770,4,12,0.49478804726054004
25771,14,44,0.5081384493078428
25890,3,7,0.5178987543611825
25893,72,79,
25937,79,31,0.5191446463338121
25979,22,93,0.498820082506958
25982,69,10,0.48098659809999517
26023,89,65,0.4923256923421102
26087,93,42,0.5162580892561633
26134,35,89,0.49887122992092736
26226,76,63,0.511805027720694
26232,67,81,
26292,24,72,0.49153874516571183
26319,39,21,
26351,75,21,0.5189978217809804
26432,36,4,0.4838816635447589
26467,45,60,
26475,23,50,0.5111866167117457
26527,16,21,0.5112702498962918
26596,91,82,0.4849304649653726
26740,85,76,0.48206297029968737
26745,66,58,
26770,75,97,0.4816410220459967
26836,56,86,
26857,63,7,0.4981080043453558
26885,48,65,
26898,55,95,0.5010216349053537
26900,0,5,0.48717405774930506
26973,21,56,0.4873654774058828
26988,87,44,0.5091888662859422
27019,56,21,0.4873654774058828
27086,69,74,
27146,68,93,0.5078620577860812
27169,37,44,0.5191792242873813
27211,4,0,0.5158623592352187
27332,13,48,0.5191398386819748
27357,23,29,0.4961318132391558
27372,50,86,
27388,55,73,
27394,72,17,0.5173242015890073
27398,18,54,0.519196268492083
27478,41,89,
27497,93,6,0.483270315486389
27503,29,5,0.5118031188229651
27513,68,4,0.4808755472591743
27528,57,71,
27598,38,51,
27627,59,12,0.5156274902875824
27646,5,68,0.5190567875792556
27693,81,22,0.48410783272262836
27740,93,47,0.49902928027809546
27749,16,32,0.5155972589287653
27807,93,34,0.5031648306113676
27811,92,7,0.49897757270688026
27875,18,58,0.4905410902632702
27886,1,70,0.516228790734483
27931,86,75,0.49979800598813234
27939,89,2,0.5165256840271275
27952,10,18,0.5103811835799381
27960,93,29,0.5178995402497083
27976,12,52,0.502707497696786
27997,87,48,0.48600187741891204
28088,54,75,
28120,84,38,0.4990287436296328
28134,67,8,0.5181991824339077
28186,4,87,0.49347249706535484
28206,17,19,0.5025544256062252
28211,54,91,0.4890622337825006
28229,80,62,0.5166040404339469
28267,30,54,
28320,71,55,0.49172376170403476
28344,16,62,0.5067206873162257
28400,37,13,0.48983563504730226
28415,72,25,0.5092369091683981
28441,29,16,0.4950843734217373
28548,90,54,0.5188331245900323
28597,97,79,0.48079811512433723
28611,75,89,
28645,86,81,0.4961352345862354
28673,85,30,0.519144976208461
28676,97,39,0.518387505046192
28682,31,30,
28684,83,51,0.5178995402497083
28697,87,45,0.5177456229006698
28790,98,54,0.4814675461944831
28803,43,4,0.5141396950743482
28817,59,79,
28848,66,81,
28865,89,29,0.5187458031184552
28904,55,17,0.4810354307108345
28924,12,82,0.48082849592805066
28930,83,97,0.49917665945131307
29041,60,6,0.4907200764777589
29055,93,21,0.505900734165126
29073,71,50,0.4859314418692446
29129,80,74,0.5092333742747847
29170,82,95,0.48267371205759546
29187,84,1,0.5046688253277394
29210,99,68,0.4943487711432162
29248,93,52,0.48957347554140684
29253,37,91,0.48467583822874394
29309,65,43,
29340,11,67,0.5190355479275907
29372,35,67,
29381,95,25,0.48467583822874394
29445,39,44,0.4809501327869507
29475,96,44,0.48923566063731616
29483,7,17,0.5013311763246716
29487,82,77,0.49419612942405206
29511,99,29,0.5088307676453715
29529,23,51,0.49385724156286226
29551,5,32,0.5005126124288011
29568,36,30,
29578,45,87,
29601,96,70,0.4820651994104803
29615,56,22,0.5086467575840322
29689,90,25,0.5063824616492282
29693,24,93,0.513352960417
29697,20,0,0.48512116449819487
29703,86,9,0.5015850287180222
29739,52,54,
29743,15,1,0.491861076325034
29773,81,95,0.5134956761518135
29812,82,66,0.4886861117656892
29817,81,9,0.4832685933500447
29862,42,98,0.4826763940868051
29888,71,58,0.4959797843802454
29909,38,37,
29921,2,75,0.5175822283593262
29935,79,34,0.5192020002859118
29955,42,14,0.48970478732288597
30001,97,49,0.4819920639016226
30012,40,45,
30024,29,80,0.5191585669140717
30038,87,62,0.4985128509151806
30049,81,40,0.5124772584425371
30161,84,61,0.5154472915186634
30262,46,58,
30292,67,33,
30336,2,58,0.5006667962812287
30365,98,85,0.5192018826292466
30374,13,37,
30376,2,18,0.5165247221505803
30400,31,99,0.4905424938211527
30435,47,57,
30449,16,70,0.5192217120923096
30573,67,73,
30651,10,90,0.5125938305581669
30700,84,52,0.516523622669583
30708,44,68,
30739,20,23,0.5163655042719584
30744,12,3,0.4845236910157205
30814,35,41,0.4812894224781554
30837,39,98,0.51859786636205
30880,91,18,0.4883169223142112
30893,52,11,0.48593070921379955
30902,48,86,
31026,47,74,
31051,13,96,0.49089751337468884
31076,75,45,0.4932320945769005
31079,4,31,0.48175199609559255
31100,63,54,
31146,19,33,0.48081022307589777
31149,31,88,0.5147493597981532
31226,59,70,
31259,96,90,0.4923788687538667
31321,87,1,0.48124290039442724
31324,48,24,0.48126601397487423
31373,12,34,0.5050635748507312
31384,83,2,0.5132786346587809
31388,98,84,0.5191538707834878
31397,18,49,0.5166025492612529
31398,71,98,0.5168539065414096
31410,26,67,0.4814686227380009
31486,73,43,0.5004082821568935
31490,64,13,0.4971420086256913
31535,42,69,
31536,65,37,
31537,52,76,
31539,67,58,
31562,39,34,
31569,86,1,0.5192020002859118
31585,43,81,
31652,73,16,0.519199299317844
31701,91,70,0.505406117701142
31724,41,7,0.5069613806881768
31763,67,90,0.5166301019697623
31764,34,27,
31793,32,18,
31801,60,26,0.4807782345181275
31873,99,99,0.4859972727825248
31874,62,64,
31907,84,95,0.4970433627690441
31913,76,9,0.48713492586967205
31941,76,3,0.5178222821047874
31963,31,84,0.48104417508623165
31970,41,98,0.4807720761898762
31996,87,90,0.5058953640675048
32046,70,60,0.4990287436296328
32061,22,9,0.5170727315256076
32091,98,98,0.5174578124994562
32222,88,91,0.49810345922085436
32263,79,73,0.5133901725775554
32353,98,3,0.48672409880585576
32371,56,20,0.5127488116470109
32388,23,19,0.5164457073148602
32515,20,61,0.5143794353944262
32517,40,73,
32557,53,50,
32593,9,88,0.4860342904197995
32667,89,20,0.4840237267003652
32769,2,26,0.49284847031697343
32802,92,9,0.48245822588354004
32876,15,33,0.5084627148632312
32922,16,72,0.5017921392686268
32941,35,57,
32949,9,52,0.5192200887473737
32950,20,27,0.5191133440514658
32972,33,12,0.5190637736438674
33030,27,25,0.48227492703408825
33032,61,47,
33045,43,90,0.4854161812887056
33139,81,64,0.5180437457455319
33149,13,23,0.5018930775791418
33160,42,95,0.49607953026054047
33172,23,84,0.49347249706535484
33220,5,25,0.5025544256062252
33251,17,12,0.49376098069700947
33280,55,51,
33302,47,4,0.48388122393883837
33359,88,68,0.5170503298256867
33417,42,5,0.5144476322926732
33459,22,12,0.49303913268084276
33471,7,44,
33477,39,76,0.48103502993428493
33479,93,24,0.513352960417
33512,85,4,0.5191585669140717
33515,15,26,0.4920474779080778
33530,23,61,0.48077537283722505
33548,36,86,0.5147821873492895
33604,43,63,
33726,37,49,
33737,55,78,
33792,21,6,0.5027576856995379
33796,5,83,0.5052135168639984
33817,78,38,0.4859664256122422
33820,30,9,0.5162569411913792
33857,67,66,
33862,84,80,0.4827866473942078
33912,63,96,0.4903207279639301
33916,2,89,0.5165256840271275
33965,87,37,0.49805407969665305
33966,28,21,0.5180444890700832
34011,48,72,
34036,23,99,0.5099044065977867
34074,49,91,0.48211916965586765
34080,95,34,0.5114339515477414
34135,32,15,
34157,20,18,0.5017910692750296
34214,37,53,
34394,41,34,
34482,89,7,0.48483445863621033
34504,33,4,0.5043182531070192
34510,53,95,0.49121455516227597
34519,92,43,0.4863910822375755
34561,23,71,0.5012813950930823
34640,99,81,0.48768086641821123
34641,25,0,0.5108089964139069
34643,96,74,0.5192299084792013
34646,74,89,
34669,97,27,0.4927554333560079
34676,36,24,
34694,15,24,0.5115998104193773
34696,97,7,0.5001003360962892
34832,7,21,0.5027069657141142
34873,57,10,0.5177047274125045
34879,39,14,0.5070091207330168
34883,85,57,0.48183376099194886
34884,26,81,0.48180169834074593
34929,19,54,0.5010251226256467
34939,44,51,
34940,96,41,0.49887578941449434
35000,71,80,
35012,81,91,0.49356417429214317
35052,54,25,0.5046167547443294
35054,76,35,0.49080784219044477
35091,24,67,0.5192073582485507
35102,38,7,0.5189020124175815
35143,37,27,
35150,98,94,0.48961521062057456
35171,29,86,0.5158634224191624
35177,66,76,
35200,13,15,0.4939065832466666
35276,97,53,0.4860374306991184
35299,71,16,0.5023524744995842
35305,91,53,0.480774225958549
35337,60,66,
35349,1,69,0.4819558021240298
35371,7,56,0.5116809560137557
35390,44,64,
35444,68,1,0.49964027377939785
35496,74,21,0.49548071630896234
35523,97,81,0.48306930327814984
35549,14,32,0.5190704441215163
35622,96,68,0.49658805222768
35647,41,81,
35648,37,22,
35740,62,11,0.5139638749263281
35755,43,94,0.4956791413501653
35757,12,36,
35764,34,32,
35766,96,62,0.4996443030849596
35779,63,24,0.5189974464076764
35817,65,18,0.4808412131414264
35840,9,34,0.48210115986431806
35852,65,57,
35903,8,78,0.48239600802941585
35909,50,46,
35924,84,10,0.4950861916358968
35974,67,87,
36023,41,39,
36032,61,30,0.504965937810368
36074,68,51,
36106,65,23,0.48713672321563656
36127,82,35,0.4921423683313094
36133,75,42,0.5164976262389689
36148,70,71,
36159,85,48,0.5178427706022376
36219,21,10,0.510766355462956
36248,66,13,0.4961331291267639
36284,39,64,
36316,45,78,
36323,27,71,0.509371439054292
36354,22,84,0.5192245715813304
36373,55,93,0.513092929026855
36383,37,56,
36389,47,43,
36452,3,21,0.5104673010608269
36478,20,79,0.5062405565627165
36539,17,64,0.4825230136732737
36595,4,15,0.48170415039135345
36631,92,81,0.5164738719417327
36638,46,91,0.5176638309043665
36689,99,14,0.5170737206821525
36692,14,51,0.48521868441288835
36714,29,92,0.5155356655345384
36735,24,34,0.5186369142355167
36736,11,27,0.4941498588120344
36740,49,36,
36744,0,24,0.493230585726137
36797,97,22,0.51725845815339
36882,57,28,0.518756934277357
36935,78,43,0.5100353945758971
36953,67,56,
36955,8,35,0.48217712487024406
36972,57,23,0.5182956138134909
36980,2,9,0.48190285537528815
36993,51,5,0.5098579127077622
37004,24,73,0.5158049614238248
37020,5,41,0.518611378986246
37049,1,7,0.5191133144039872
37233,19,97,0.5013290321371441
37272,97,25,0.49313676947746365
37328,18,91,0.4883169223142112
37343,63,90,0.5175630510325671
37351,19,28,0.5090556713659564
37379,99,40,0.5138601589505107
37385,14,42,
37394,51,13,0.5030115154673329
37397,49,55,
37399,81,57,0.5116017389201216
37471,33,70,
37492,47,60,
37496,75,30,0.4830460778750586
37506,27,51,0.48664801879827885
37533,18,30,0.4820824859557049
37569,46,81,
37609,62,91,0.4849584999262246
37671,14,97,0.49474081110343876
37686,68,52,
37693,29,21,0.5130531824032817
37706,6,45,0.48080376007131
37730,62,0,0.49001065892648404
37745,44,52,
37789,73,22,0.49508333446333835
37804,98,32,0.5046649157931314
37914,60,1,0.5129394843614222
37924,37,26,
37944,33,7,0.48092963760083135
37946,36,28,
37947,65,25,0.4948878009519354
37973,6,58,0.48183428994539634
37991,71,33,0.48795443527279697
37992,96,39,0.4958791017599636
37993,60,51,
38046,7,43,
38109,78,28,0.48082849592805066
38118,52,2,0.486249109928604
38151,70,51,0.5192200528937198
38231,95,88,0.516390247463313
38286,18,34,0.5189113794481023
38312,61,65,
38398,25,55,0.4958306405299897
38422,60,70,
38445,68,82,
38498,79,77,0.5166272679701972
38513,3,71,0.5033152928669314
38560,71,91,0.5188736220097753
38577,54,70,
38651,50,31,
38677,57,58,
38708,97,77,0.48090468606013714
38749,95,31,0.5108069964201754
38754,11,38,
38800,45,32,
38803,55,97,0.4812784498764525
38836,28,70,0.5162848272020921
38865,70,18,0.5111881463949817
38875,5,10,0.5093702659962415
38889,30,1,0.4920474779080778
38903,59,88,
39006,11,30,0.48099455276423925
39021,22,40,0.488076122627117
39045,75,74,0.49729065285437707
39098,49,54,
39100,55,1,0.49347022266934043
39122,14,20,0.5192307594251545
39127,9,14,0.49434568956913244
39144,18,16,0.5108933811686424
39160,89,8,0.5098599887765288
39163,28,18,0.5178798537978567
39223,56,34,0.4896179242768038
39231,10,37,
39268,55,69,
39273,11,39,
39278,84,45,0.4986155802493997
39285,10,69,0.48098659809999517
39305,44,71,
39308,53,15,0.5026554282335486
39325,47,66,
39346,52,33,
39357,61,68,
39391,48,22,0.5114363276425304
39393,75,61,0.49076239637539637
39439,12,51,0.48508841492074434
39440,84,68,0.482178235046977
39514,82,46,0.51867480192134
39616,97,35,0.5157763289467936
39629,66,96,0.5067724443065946
39706,71,87,
39788,25,73,0.5180617741114416
39818,39,31,
39827,52,87,
39832,15,43,0.4808068971548335
39879,14,16,0.4852518595468844
39885,33,43,0.5108929383517973
39972,83,65,0.49734139115862824
40036,61,75,
40039,98,87,0.4928995560224514
40040,34,28,
40066,21,40,0.5078120764777783
40068,97,59,0.5125153888427739
40112,19,92,0.4977524827667448
40149,1,50,0.5005630265121023
40268,68,83,
40270,84,48,0.5180804926825648
40342,44,98,0.4836332385025897
40373,88,80,0.5046206667897597
40465,95,21,0.5090535381587727
40483,49,70,
40509,57,18,0.5157460468874276
40523,47,55,
40525,84,69,0.5126745340640493
40635,11,85,0.48646654487871704
40653,25,75,0.50594615985002
40665,45,98,0.5083679109083091
40698,13,69,0.5176652115347494
40708,51,19,0.5170016863038797
40756,22,25,0.4913084761204106
40778,68,66,
40846,53,16,0.4936150165017005
40857,72,91,0.5187574083429066
40874,46,25,0.5173911819116496
40894,21,57,0.5154767998775552
40938,99,28,0.500104903367939
40966,48,21,0.48508841492074434
40969,14,36,0.4881964694352007
41002,19,45,0.48092299935461025
41066,82,10,0.48363380278146395
41089,30,21,
41102,3,59,0.5091013157534944
41169,62,5,0.5184029147090564
41303,13,27,0.5099025641842949
41305,90,94,0.5114389194380734
41315,73,91,0.5070058681964409
41324,80,46,0.4836087813763589
41367,30,16,
41371,39,32,
41465,0,64,0.4978023117366445
41467,89,28,0.5147493597981532
41485,75,75,
41508,75,85,
41542,44,42,
41599,3,88,0.5171882890555829
41631,36,47,
41633,55,74,
41642,45,90,0.49280292390439506
41667,51,28,0.5040176007488254
41719,56,47,
41738,3,75,0.5119634175951369
41780,48,17,0.5120449488918423
41812,65,86,0.49933133665870066
41818,21,30,0.48225511436650464
41841,99,96,0.484521139759482
41945,61,73,
41951,22,3,0.48586068159958484
41973,76,37,0.5178805461485765
41981,8,49,0.5160620767094569
42085,48,37,
42113,23,14,0.48596513983242917
42124,56,36,
42129,36,11,0.5055069616648804
42153,70,61,0.5059943570465802
42167,30,85,0.519144976208461
42231,12,16,0.48512116449819487
42232,35,6,0.5049151195670856
42276,2,11,0.5093702659962415
42288,20,36,0.5145826052258076
42320,81,41,0.5190959622937458
42378,89,6,0.4848660195802548
42422,66,56,
42445,68,94,0.5146509459555648
42450,75,37,0.5190497693782404
42463,69,22,0.5025557570308647
42489,65,15,0.4824176752811121
42511,56,61,
42615,0,93,0.48263018542210295
42621,35,19,
42622,41,53,
42635,73,56,0.5054071490222865
42682,88,2,0.5192279224155141
42685,45,65,
42690,54,6,0.5023010777393447
42700,71,19,0.48585977111993495
42717,6,77,0.5086929742898549
42721,91,28,0.48339610758489926
42762,21,52,0.48115723265131677
42839,95,36,0.49429442560825665
42885,74,5,0.49390530914527897
42888,66,41,
42894,37,70,
42907,91,7,0.5129765512921491
42917,58,95,0.5108958165093177
42987,38,43,0.4847397687053696
42992,86,37,0.5071059491427148
43020,25,64,0.4910795246233918
43023,26,64,
43045,9,99,0.5104654979376358
43171,43,0,0.5187452633644395
43176,49,32,
43193,31,70,
43249,3,9,0.48698430682346006
43278,79,98,0.480771354587732
43337,76,57,0.5061440438554505
43413,13,63,0.4829514226100727
43424,52,62,
43437,37,23,
43444,64,16,0.49856555002042646
43461,70,91,0.505406117701142
43481,63,64,
43525,17,28,0.4809643500067741
43526,95,29,0.49260905489470347
43664,13,36,
43680,13,94,0.48077983435488025
43765,61,96,0.5179349100196616
43875,5,49,0.5159770334625737
43918,20,45,0.4809430086109334
43924,19,85,0.49289431298424086
44003,83,8,0.5050653891303462
44006,57,3,0.5175616280523969
44141,3,70,0.5191672109446098
44178,37,92,0.519216337352576
44226,54,27,0.5050136064866773
44247,67,49,
44256,64,88,0.5191130177240071
44316,99,45,0.48425288599406646
44361,79,7,0.5075318915499349
44398,43,5,0.4831690219097018
44426,18,77,0.5184322446461316
44435,45,18,0.49543275441255463
44461,78,14,0.4897496936755947
44501,89,82,0.5168539065414096
44525,14,58,0.5157754070928794
44535,6,46,0.4808285802595919
44547,25,54,0.5046167547443294
44554,96,63,0.4903207279639301
44558,17,94,0.4900081337008212
44560,99,83,0.4810098280297241
44601,62,8,0.5184469432163629
44614,19,41,0.5058015777517906
44628,62,56,
44634,50,14,0.5013306402792931
44813,47,42,
44821,34,38,
44865,37,88,0.5183888421988769
44869,67,34,
44871,8,19,0.5029603662637887
44907,18,35,0.482587136651216
44915,6,66,0.5136801994824559
44951,65,35,
44960,98,68,0.4809495817458808
44974,40,41,
44992,66,59,
45019,25,27,0.48227492703408825
45079,80,67,0.5079549806725621
45133,87,67,0.5098560671824122
45143,74,23,0.48217672127396527
45155,99,51,0.5108535559958511
45259,57,67,
45270,73,29,0.518929900051047
45271,56,29,0.4807782921354377
45277,3,57,0.5175616280523969
45286,23,77,0.5067201838611863
45339,45,37,
45372,76,88,
45479,32,50,
45510,48,34,
45518,37,96,0.500104903367939
45544,20,58,0.4823552209707084
45557,53,56,
45569,57,72,
45583,22,68,0.48115685686853565
45624,28,58,
45627,58,46,
45629,22,58,0.5136428133175708
45641,38,55,
45692,3,82,0.48344831922478776
45694,61,25,0.48258770682090973
45714,30,61,
45793,93,0,0.48263018542210295
45806,0,81,0.482834643534857
45915,96,40,0.5153552390401877
45923,5,94,0.5143473290781592
45956,97,75,0.4816410220459967
45973,8,42,
45975,68,72,
45993,79,6,0.5075790110774017
46048,16,4,0.48646539966777463
46085,76,19,0.49023092473774305
46118,53,41,
46134,81,2,0.5187450233786236
46145,5,84,0.482009728101851
46268,75,77,
46275,11,5,0.5161463855605745
46295,50,45,
46461,91,86,0.51374883637644
46462,11,18,0.5167558295392134
46492,56,84,
46518,51,74,
46540,57,74,
46549,49,69,
46560,74,53,0.4820633578381133
46626,5,19,0.5031121572703543
46675,16,17,0.4857225655271039
46721,45,94,0.48363591928211097
46789,95,17,0.4876011175076745
46819,60,76,
46824,77,94,0.5169789421949152
46875,5,43,0.4831690219097018
46935,17,98,0.51725845815339
46964,31,41,0.5191930480650646
46965,50,39,
47042,62,68,
47100,74,39,0.512979128732977
47127,90,55,0.51859786636205
47272,74,95,0.4811263389271963
47311,85,36,0.49014325320488855
47386,51,21,0.5112282554652332
47391,59,62,
47405,62,40,
47434,3,11,0.500512343857363
47471,26,42,0.4950851526506021
47554,59,39,
47562,14,22,0.49284847031697343
47600,76,93,0.4943487711432162
47612,81,29,0.5165238975591262
47642,55,30,0.48078567298506436
47660,28,17,0.4809643500067741
47746,12,69,0.48176865887752607
47783,85,85,0.5164704057188007
47793,58,50,
47814,40,3,0.4885639008287281
47839,21,86,0.5016395684961584
47840,10,53,0.49303838134008626
47856,61,1,0.48377107759962523
47874,10,21,0.510766355462956
47925,72,53,0.5010261957635816
47932,49,31,
47943,84,32,0.49473693484726
48077,48,15,0.4810023157838823
48091,53,80,
48121,45,93,0.48088137182609636
48171,54,15,0.517368673883672
48369,26,65,
48426,62,93,0.5105555917688616
48487,65,89,0.4923256923421102
48493,45,52,
48505,41,69,
48588,30,42,0.4816270241772199
48649,85,60,0.4823342700824198
48677,21,37,0.5187103417026877
48689,19,35,0.5061417525335998
48696,86,3,0.5174781195731846
48699,37,89,0.5131674113125196
48710,68,76,
48711,38,62,
48719,66,64,
48739,52,6,0.49242174216917156
48749,10,66,0.49897462156338274
48759,1,49,0.4912164671517919
48811,50,70,
48824,27,18,0.5041182864144435
48852,2,83,0.5132786346587809
48881,96,13,0.49089751337468884
48901,36,18,
48904,9,21,0.4812661353263452
49007,14,2,0.4917683432108799
49060,57,19,0.4908099661484983
49065,44,76,
49077,86,79,0.506532064097237
49121,32,14,
49127,88,78,0.4899634720001843
49162,66,16,0.4995890442577893
49166,88,90,0.5145847067848046
49260,65,76,
49270,97,36,0.4839672081956767
49273,8,5,0.51912966767122
49391,22,54,0.48183428994539634
49418,91,31,0.4904049932777484
49435,31,23,
49441,13,41,
