,x,y,value
1,21,76,0.4663627218105133
19,24,29,0.46230464282884354
40,18,64,0.4631687487365799
61,89,59,0.5268560327657015
90,5,73,0.4783085578735428
146,79,51,0.49589071251814015
180,98,28,0.5192105568768092
190,37,44,0.47692873947837133
226,58,40,
254,26,77,0.5347656920327286
262,85,5,0.48142020367717914
272,22,89,0.5378595679521754
410,26,44,0.537831828761601
425,6,90,0.5337628246038782
482,81,79,0.5206574833348337
558,92,18,0.510909571220544
574,26,21,0.5373216235336867
605,86,1,0.4615895280519433
629,51,48,
636,44,84,
693,71,74,
695,2,30,0.5384023314928085
754,93,42,0.4628186148300858
786,38,81,0.5373953729701028
791,52,53,
796,72,61,0.4617446721348598
846,53,53,
849,48,74,
858,53,97,0.5379460623426803
923,33,86,0.47303048493689354
940,39,79,0.5209642478535211
944,77,93,0.528258969660747
972,74,30,0.5337858457971797
985,80,81,0.47908288732403204
1022,48,13,0.46550372762801406
1037,82,66,0.5324014484861864
1074,25,70,0.4615529555135448
1107,56,46,
1114,40,47,
1118,5,6,0.5238451406899512
1181,55,53,
1194,77,62,0.5014891328404336
1199,83,97,0.461892801457764
1225,32,48,
1236,62,28,0.5308822203700759
1273,10,51,0.5283259829722075
1305,19,13,0.5327824955927464
1306,65,57,
1311,36,1,0.5255019851925132
1331,17,37,0.538121552356375
1335,30,40,0.513829533436195
1396,32,69,
1397,43,17,0.470355389903033
1409,3,35,0.4771772571804827
1417,85,57,0.5352741826925879
1434,95,73,0.4639032992060908
1506,67,19,0.47092119394972887
1546,14,32,0.4722010253629618
1562,28,78,0.5224474278754717
1600,86,90,0.53006807745392
1616,8,30,0.4898342093221092
1619,78,49,0.47303048493689354
1621,24,74,0.4995871168159435
1634,27,72,0.5232770153930733
1644,84,18,0.4830133427765216
1659,37,30,
1675,9,73,0.4655485447807749
1677,69,93,0.4709899188359466
1749,28,75,0.5235604079233992
1757,73,40,0.5017499170189493
1833,41,13,0.4629542978360742
1862,20,53,0.5347867052812204
1881,64,42,
2004,40,46,
2018,2,19,0.46671712658232495
2067,45,71,
2077,93,19,0.46162980343136156
2101,31,61,
2144,82,13,0.5063508148296983
2154,23,23,0.5375232760896914
2191,0,16,0.4802150543406239
2215,8,75,0.4621410128287682
2281,97,66,0.5307294831802042
2333,21,3,0.46162272527264003
2385,20,63,0.5307281905745553
2399,52,50,
2414,3,18,0.5169852234177473
2422,37,72,
2428,55,74,
2467,38,53,
2480,3,71,0.47167439299145586
2482,14,19,0.5229881683562734
2504,22,57,0.5314546281848641
2505,58,21,0.5252705632239241
2544,69,83,
2556,15,88,0.5382046709031817
2626,10,94,0.5356924363397865
2632,36,23,
2735,81,0,0.46159495453014004
2748,17,64,0.5066544402249171
2770,80,73,0.5262646338341838
2777,96,46,0.5060980121505906
2846,83,62,0.5351708548088178
2886,36,9,0.49584126912656645
2936,86,9,0.5324838914653648
2942,69,12,0.47038778566834527
2949,73,26,0.5331800302452356
2966,70,22,0.4615502076750843
2991,22,26,0.5340291839578744
3011,83,73,0.5379460623426803
3051,49,59,
3054,71,90,0.4644845788213515
3056,70,24,0.464083384184266
3182,7,81,0.4630808900472442
3200,11,51,0.4619654084904714
3222,2,16,0.4639021862775122
3229,72,67,0.4979456322705938
3291,68,38,
3294,13,76,0.4710225954525381
3348,80,54,0.5222411006280351
3392,3,24,0.4855492699961858
3406,86,38,0.4787808533410388
3435,6,35,0.528774637882642
3457,84,4,0.47270260927324703
3504,3,95,0.5188526886633756
3513,11,4,0.5373585465267254
3639,65,5,0.4688151421131397
3640,45,17,0.5343587054306896
3648,84,11,0.4684563813212508
3664,91,93,0.48894076634397
3725,46,53,
3732,27,50,0.518400195445949
3766,7,23,0.4636938105073749
3795,67,61,
3796,48,46,
3835,41,98,0.4643073759417513
3896,34,42,0.533512850890965
3932,87,40,0.5383902287500189
3950,62,79,
3970,9,53,0.5042613473874932
4003,51,56,
4012,55,15,0.4658519443195011
4020,39,25,
4064,71,16,0.5371942272325514
4092,28,15,0.5381984618640099
4117,53,0,0.535691435274286
4119,12,54,0.47223727658089226
4186,53,11,0.5377157348382777
4191,3,98,0.46423137113211593
4202,7,80,0.4781810927937826
4252,1,23,0.5327824955927464
4289,21,67,0.5382807754862722
4318,7,14,0.5381801705226552
4370,52,43,
4420,61,16,0.4818699770654873
4484,22,2,0.5309121573863617
4618,88,50,0.5324566600951146
4642,87,80,0.5276897058924952
4698,54,58,
4710,6,43,
4771,25,83,0.5128140768440419
4774,80,0,0.46890428326316685
4857,45,41,
4921,92,46,0.46920920741397243
5020,11,68,0.4670312660858817
5069,80,48,0.5177178660664826
5124,10,91,0.4776364853213889
5136,81,61,0.4615388985391595
5213,83,51,0.5339581346556405
5217,55,32,0.49047995721511084
5240,37,76,0.47591476540605415
5299,61,18,0.534830384532541
5379,91,21,0.4802609459835893
5394,62,1,0.5352952568677576
5418,50,55,
5425,24,46,0.4731416719085348
5427,67,52,
5460,8,61,0.5032889541068102
5466,24,47,0.49763593493654434
5497,91,60,0.504053437655007
5504,32,79,0.5011812583358768
5533,95,84,0.4811459187631523
5560,19,23,0.49299241188401155
5597,9,89,0.5367706337983292
5663,59,65,
5776,44,75,
5822,31,69,
5843,27,10,0.5289443381085885
5870,3,2,0.5083183266431504
6010,72,24,0.5153034529005499
6022,56,93,0.5366492292104669
6069,12,84,0.46646147161515833
6079,6,62,0.49779022919292804
6085,94,58,0.46250012962885756
6096,58,67,
6176,15,59,0.480792248710267
6202,58,3,0.5319487820853206
6264,74,97,0.4619582092065045
6265,59,85,
6278,19,36,0.48228071565178593
6290,79,34,0.4615895280519433
6467,21,18,0.46790841870761746
6471,20,42,0.4834774301260233
6487,28,64,
6505,44,83,
6597,44,59,
6615,75,87,
6753,92,6,0.5365059054323171
6758,35,74,
6849,13,9,0.4615644785757808
6872,94,92,0.5216021339489325
6933,8,92,0.461619223494427
6971,81,17,0.479471713790047
7057,55,44,
7064,60,76,
7072,47,37,
7088,87,98,0.46663806061547575
7133,45,33,
7179,45,26,
7227,6,81,0.4616226186620477
7313,81,29,0.5376217867467902
7348,67,2,0.4928415440898821
7417,2,89,0.46428987565198215
7449,59,68,
7469,68,74,
7484,11,34,0.5035957779385518
7493,9,56,0.46161939759993353
7508,76,45,0.4970213075036846
7529,15,3,0.4728855904937234
7632,79,56,0.46309516591427446
7658,65,41,
7683,71,0,0.5268587251801738
7720,25,19,0.5384543101076987
7735,11,78,0.5337379447183486
7796,81,51,0.5271159463156471
7845,37,59,
7929,29,93,0.5339581346556405
7948,44,30,
7990,61,15,0.5267478721419048
8019,88,68,0.5071117121540303
8032,15,75,0.47492557710071576
8056,16,40,0.4730682654967953
8124,79,68,0.4815969859691592
8136,7,87,0.5335133782070346
8219,3,0,0.5384441338890938
8288,53,13,0.470323387670207
8294,41,88,
8303,53,49,
8328,82,41,0.5378595679521754
8329,11,58,0.49840505381795447
8331,47,69,
8443,46,3,0.4657571980113146
8493,61,10,0.49866373215924764
8660,57,20,0.49268815261593873
8661,72,21,0.5384273660276984
8678,70,21,0.4719527605254115
8705,72,74,
8719,38,57,
8750,64,98,0.5347195657058599
8755,60,36,0.4763580993302399
8783,76,80,
8792,91,57,0.5185338953038625
8832,94,3,0.5159139620789833
8893,58,9,0.5361329569838772
8922,38,15,0.4806132011352099
8934,8,59,0.4640648584917979
9014,14,69,0.4997416786674759
9044,39,4,0.534698603196352
9117,27,89,0.4887002746543024
9120,72,19,0.4695853142046001
9132,72,77,
9135,10,72,0.5384316632618862
9161,43,73,
9176,49,5,0.5031850251741512
9185,45,65,
9200,91,2,0.4738489009306696
9226,91,11,0.536043621454131
9395,29,38,0.5051790544110366
9419,53,81,
9447,58,91,0.5005631526357499
9464,32,27,
9469,48,95,0.5245666301118426
9478,89,2,0.46428987565198215
9527,5,79,0.46207920844559003
9598,55,62,
9657,82,93,0.4728101978281174
9662,94,51,0.5125267642783956
9688,39,5,0.5155405975503783
9698,56,61,
9715,8,82,0.4997443652760158
9740,5,12,0.5116453437215613
9806,27,73,0.5334865700579544
9828,9,3,0.48860010694175404
9863,9,72,0.5122796935287276
9884,10,39,
9893,3,58,0.5319487820853206
9902,5,70,0.4616095876156976
9923,50,65,
9954,43,40,
9985,43,58,
10006,77,1,0.537321233951333
10016,21,46,0.5130573566723445
10049,41,50,
10166,85,45,0.491985346992725
10227,98,16,0.5074142297675588
10242,62,47,
10267,2,56,0.5380421990142237
10298,15,22,0.46164060267019214
10316,24,2,0.5198729462545421
10330,86,25,0.5211794572852897
10371,62,97,0.49405997071496305
10386,87,16,0.5359164360755566
10476,90,56,0.4615746814215704
10496,22,98,0.4822783311284933
10525,62,51,
10538,91,51,0.46170472748629604
10545,15,92,0.46866588903023026
10547,65,66,
10579,63,42,
10598,32,77,0.5339563683962948
10642,40,3,0.537653824853094
10715,6,32,0.46571080507517004
10731,10,55,0.46355979749010956
10738,16,37,0.5328630666057617
10752,11,18,0.5383002655832912
10769,0,30,0.5050778169208356
10777,38,39,
10778,40,23,
10806,57,46,
10828,30,99,0.48684308455858955
10830,21,94,0.5367415024048283
10844,81,11,0.46671631874163966
10855,51,63,
10901,40,49,
10916,51,27,0.5380937618761906
10929,5,75,0.4740784104099589
10942,96,18,0.5178089451696847
10995,43,87,
11040,3,67,0.5011304751190101
11056,74,58,0.4787808533410388
11060,62,22,0.4701593913096949
11062,96,29,0.5264142906201585
11134,78,77,0.46154893571246647
11160,89,11,0.5004096718399678
11177,70,13,0.46705662828624817
11181,14,29,0.4641758188256942
11195,82,32,0.46534653080186017
11212,98,37,0.49471603140811654
11246,64,66,
11339,92,23,0.4824156563693334
11345,43,83,
11388,11,24,0.5228644941296523
11410,90,91,0.5203148560406863
11443,90,74,0.5005112768647925
11464,61,97,0.5101626937670413
11479,32,62,
11592,35,44,0.46530094568558245
11604,49,32,
11629,65,92,0.48631783357497466
11661,4,88,0.5044122598539228
11698,97,43,0.5110530702782384
11744,24,98,0.4706180799913294
11790,6,52,0.5383094753824275
11807,91,47,0.5362386197630372
11835,2,7,0.46674288752289184
11917,22,49,0.501799058798174
11987,64,90,0.4845984666840995
11994,69,79,
12035,12,75,0.5348094901154256
12083,81,97,0.46205289852188935
12103,7,62,0.48953795003612843
12171,67,63,
12173,81,34,0.5287391154015989
12189,3,85,0.5094210507747653
12201,93,27,0.5023155108257444
12240,22,85,0.4826481988130379
12263,32,28,
12302,29,15,0.46819457091892647
12305,9,6,0.5355559514583946
12332,89,65,0.535355539769894
12402,73,1,0.5379954456307411
12405,43,13,0.5089203414639664
12422,33,98,0.5255035940885271
12446,43,5,0.525231429330026
12504,8,13,0.4835242948609785
12547,84,44,0.5381414052720694
12575,5,50,0.4647864270889693
12681,68,32,0.5380863450870698
12690,28,96,0.4617289969823022
12728,95,38,0.46275483431769926
12739,12,53,0.5382708552030361
12766,51,15,0.5009251747002438
12837,16,95,0.5180365607139006
12842,76,47,0.5248812646878701
12863,62,52,
12865,44,31,
12897,40,94,0.4620364673539698
12909,25,21,0.46819457091892647
12924,92,3,0.4912321885733198
12928,7,98,0.47567536095404833
12963,87,90,0.47977882190025
12978,79,28,0.5372835741576707
12991,97,69,0.46501669784225425
12992,84,32,0.5204441191058364
13103,64,34,0.5041060943930318
13147,73,11,0.4732536848422965
13156,63,18,0.4917328710865802
13195,45,46,
13201,99,17,0.5354179914308849
13202,69,38,
13214,65,49,
13228,29,43,0.5031349262910526
13321,90,45,0.47068757921227744
13422,94,31,0.4646442611651001
13430,50,74,
13503,26,89,0.4625345372803787
13513,80,26,0.46828265099373845
13540,41,49,
13563,17,99,0.5354179914308849
13564,37,96,0.5340304359956839
13595,30,42,0.5190304946857067
13698,52,3,0.5068566211881425
13748,69,19,0.4662880436264796
13761,77,31,0.5247631962012755
13779,5,60,0.5372459824184218
13788,82,19,0.4792086983204408
13803,32,11,0.4615409542766415
13807,58,54,
13879,60,5,0.5372459824184218
13941,48,86,
13986,7,56,0.49989785668644415
13999,83,64,0.5350256404699415
14067,26,17,0.46854600274428976
14093,80,75,0.5213042815137677
14104,57,43,
14119,22,29,0.46805063206065756
14120,18,36,0.4706858398480291
14250,17,35,0.5361507019923606
14258,83,55,0.4994833627517537
14291,40,34,
14375,51,54,
14379,45,84,
14503,45,28,
14537,51,17,0.5042613473874932
14542,23,15,0.5029803121271186
14545,11,32,0.4615409542766415
14556,81,28,0.47680739799013444
14653,10,18,0.4662875263142685
14656,98,41,0.4643073759417513
14713,95,99,0.47209775885033195
14830,78,67,0.4969658355875464
14934,5,35,0.46218702071566015
14950,39,15,0.5165689321034485
14967,57,55,
14983,13,45,0.4621589645824058
14987,47,61,
14995,80,66,0.533486041413926
15041,60,97,0.48820489338713463
15062,77,44,0.4977875469676612
15126,6,67,0.461813548468485
15170,1,65,0.49304184528841777
15188,3,63,0.4742305026731287
15217,44,1,0.5336626770097519
15218,96,11,0.49912348125580885
15311,5,22,0.46157479807806207
15329,80,39,0.4792951625349366
15339,84,81,0.5009289349434645
15342,66,45,
15476,63,19,0.538460084468048
15542,38,66,
15569,42,23,
15574,83,10,0.5358795744436882
15599,25,91,0.5092217998280516
15655,33,57,
15677,80,18,0.5054327846692701
15682,56,55,
15711,48,80,
15712,92,94,0.5216021339489325
15722,85,10,0.46316952274561435
15728,27,38,0.5352131531427471
15800,19,55,0.5358239980962184
15808,12,52,0.537046003523286
15837,4,33,0.48791409823109905
15856,25,68,0.4840831153684089
15887,85,32,0.47065158536664264
15927,78,8,0.46241053856251085
15963,88,16,0.4644827228674484
16021,87,25,0.4706540165673345
16262,68,66,
16267,8,18,0.4687545224715552
16315,13,6,0.5071595242709284
16321,89,50,0.5309747400250696
16336,86,0,0.511152414602542
16366,95,81,0.47839165489481794
16369,88,93,0.46153947921328053
16373,62,82,
16378,23,7,0.4636938105073749
16379,58,73,
16391,19,7,0.4859312408871072
16407,36,96,0.4786098657047851
16451,73,49,0.533587116052125
16500,52,54,
16514,30,4,0.47767696461197495
16537,50,78,
16584,49,57,
16690,1,85,0.47754996673051153
16694,57,12,0.5131538983680807
16738,34,13,0.46805063206065756
16769,73,53,0.4622449773650688
16793,53,31,0.5145453569308053
16812,35,11,0.5144988090292373
16821,62,43,
16822,88,65,0.5342413462956903
16827,89,43,0.48173286011902805
16829,86,36,0.46167725188770836
16853,74,20,0.46495474060354686
16897,47,9,0.5008749196348454
16928,70,74,
17000,73,98,0.5196494783834198
17032,87,26,0.5189388524924429
17038,10,90,0.4640639009122591
17050,31,92,0.5317170575386772
17134,55,71,
17137,74,72,0.51179460764312
17186,93,56,0.5366492292104669
17197,78,32,0.4761536069919573
17209,19,90,0.5363394370602631
17243,36,76,0.47270260927324703
17330,6,86,0.515491650790188
17380,16,77,0.5163373761628578
17391,37,73,
17406,2,60,0.4637624730077489
17427,52,45,
17481,31,68,
17537,28,18,0.5081673503186733
17614,12,65,0.5307281905745553
17622,94,42,0.461540923810667
17635,64,53,
17648,63,70,
17690,69,88,0.46497659229884786
17774,67,45,
17831,41,38,
17872,80,98,0.5215658638368832
17922,3,9,0.48860010694175404
17936,63,44,
17963,71,51,0.5026709409091555
18002,2,65,0.5132503463007847
18021,59,77,
18027,58,16,0.46472454484502607
18092,68,96,0.5057936553743272
18094,83,14,0.4792086983204408
18132,22,71,0.4615529555135448
18133,16,7,0.4922853199719106
18221,4,22,0.5028267212569256
18227,66,51,
18229,77,36,0.5369895349450515
18237,92,82,0.5362389798053485
18250,80,87,0.5276897058924952
18268,94,81,0.4870906795757891
18322,0,86,0.511152414602542
18360,24,32,0.49102973546493317
18372,77,42,0.5107612640508215
18447,46,76,
18480,17,80,0.46354408922419543
18511,56,1,0.5298719723157457
18551,21,66,0.46362601943046733
18566,26,22,0.5340291839578744
18570,21,10,0.49573919911219944
18580,28,63,
18606,57,87,
18641,76,81,
18688,73,34,0.48214224390190835
18708,67,78,
18815,59,52,
18904,25,94,0.5340999511550328
18961,96,85,0.5245221359270773
18964,30,20,
18966,54,72,
19059,81,38,0.5373953729701028
19065,27,16,0.4876706555959946
19112,78,82,
19120,40,90,0.5380650391737688
19126,54,47,
19151,52,69,
19168,13,78,0.46436666522251835
19230,88,41,0.5317170575386772
19235,8,37,
19244,87,63,0.4703901860808536
19250,43,36,
19258,48,60,
19321,80,57,0.466187868536508
19362,94,69,0.4780579517458524
19384,35,88,0.5384424872527376
19413,15,66,0.4644444707917013
19483,19,40,0.46875420914196314
19508,31,94,0.4646442611651001
19536,29,51,
19539,41,82,
19578,81,69,0.4940087177636579
19582,75,7,0.5367865986207685
19588,69,6,0.46362601943046733
19650,61,66,
19673,63,54,
19686,44,22,0.4679648354726961
19713,1,89,0.4765212794750307
19792,69,8,0.5383518756270805
19883,79,77,0.4711555629738277
19889,71,85,
19908,38,33,
19915,23,35,0.4973269274228953
19944,37,60,
19977,37,35,
19980,29,33,0.5362033608204164
20016,37,94,0.538313861366798
20021,10,52,0.46249965206411087
20052,92,27,0.48141691041905665
20071,23,16,0.48660416419976693
20108,20,7,0.5106112336541067
20195,11,62,0.4810155547290554
20270,36,5,0.515068086946688
20305,92,53,0.506959752581292
20308,77,56,0.4910781029712664
20328,0,4,0.526262671077411
20341,14,87,0.5016473302378484
20379,51,32,
20405,13,74,0.5300650616434093
20423,83,5,0.5159611791062555
20462,11,98,0.4692737609878488
20484,14,47,0.5188065133614267
20576,1,52,0.47973151169492906
20590,87,45,0.476358947003952
20643,79,91,0.5118933269579414
20673,7,89,0.49122852631616226
20685,74,14,0.47882100371680053
20729,37,8,0.47767652704600216
20809,50,67,
20868,74,50,0.5285675073024982
20912,97,68,0.4761574014932385
20970,26,15,0.5341483153963676
20975,22,58,0.5381613338439558
20996,22,55,0.4659710789434287
21002,91,3,0.5302585442493998
21056,42,77,
21082,92,43,0.5370326047085152
21102,89,12,0.49665883527137045
21103,93,45,0.5348078902056316
21117,8,73,0.5021067216200089
21207,3,75,0.500464235818262
21278,13,95,0.474615553036794
21357,97,50,0.505742361271133
21358,43,32,
21469,35,29,
21665,45,92,0.47559590549265995
21752,82,38,0.4838988208159191
21754,71,55,0.46508323989194356
21846,6,40,
21862,37,93,0.5379717468293523
21866,20,18,0.5328627874303726
21887,72,3,0.5032356540457309
21890,2,80,0.4719545990016227
21909,93,2,0.4715707845918207
22013,1,51,0.5338113756137521
22048,94,0,0.46452225250473295
22051,31,1,0.48417812237801894
22059,0,44,0.5060958899925269
22114,93,55,0.5320333927197186
22135,93,41,0.5241648029604767
22138,98,22,0.4822783311284933
22151,2,82,0.4636091927050905
22277,27,93,0.5023155108257444
22317,31,91,0.49364866768682597
22341,5,83,0.5159611791062555
22355,21,7,0.4907802992999642
22357,94,76,0.4994822881815104
22496,6,45,0.531572366581721
22497,64,64,
22518,68,13,0.5054841403709845
22625,78,72,0.4990716147075213
22631,8,39,
22709,7,65,0.5337130034454438
22735,10,7,0.48776796734287
22738,14,89,0.5271860139344172
22783,96,44,0.5265264282846313
22833,1,96,0.4775530209248287
22838,99,18,0.47068757921227744
22844,75,32,0.47725869258271164
22860,8,27,0.5256935877135267
22899,32,12,
22901,87,43,0.5372844977417615
22902,40,85,
22988,20,40,0.48884554089363225
23012,80,27,0.5028795308521913
23032,65,17,0.5270772201472507
23040,56,65,
23107,99,72,0.537954319445905
23153,77,4,0.4710225954525381
23171,69,41,
23212,96,69,0.46444529042753413
23214,39,11,0.5313350582170455
23250,86,59,0.538380823777986
23267,75,30,0.46212304251782865
23372,93,88,0.46153947921328053
23398,56,85,
23423,94,80,0.4671122496680373
23461,45,86,
23491,8,84,0.5382496025950925
23513,69,39,
23524,91,76,0.5374897606403395
23543,54,1,0.5384532687808352
23597,3,51,0.4752769474239286
23633,62,17,0.5327019608219832
23636,65,64,
23726,33,58,
23741,14,82,0.5383516727879462
23765,80,8,0.5338607100516546
23766,33,66,
23782,14,18,0.5249191673338895
23787,20,27,0.4722013967089491
23822,19,91,0.49701755747891646
23824,35,65,
23830,40,9,0.5384374067006158
23833,39,91,0.5325367515147247
23866,38,24,
23877,18,72,0.48384928120274356
23879,44,14,0.46423235883554426
23898,15,37,0.4629129026697044
23908,89,23,0.4876235588873036
23912,71,53,0.4844613810185556
23982,73,19,0.5192096258539655
23993,44,36,
24029,46,39,
24048,3,4,0.5272962675676902
24057,4,95,0.5376225682625059
24111,13,43,
24117,54,0,0.487719809734841
24186,14,96,0.5262611007797421
24190,55,12,0.5261879502384182
24198,48,31,
24273,27,20,0.4722013967089491
24346,93,75,0.5217726316479493
24384,94,50,0.538445721576734
24409,53,44,
24457,35,76,0.49253909867657153
24459,29,98,0.507308694625542
24474,50,5,0.4647864270889693
24522,16,51,0.48855159372341317
24532,42,79,
24612,9,40,
24635,26,96,0.46284626999448375
24638,53,66,
24674,51,7,0.4644247200420142
24737,46,10,0.5159621568601079
24750,0,51,0.471294329289041
24770,84,53,0.4867466395808421
24830,33,40,0.46287225092275136
24842,56,39,
24888,42,29,
24918,46,97,0.4763998913926477
24928,40,56,
24958,58,69,
24960,13,91,0.4876235588873036
25038,42,16,0.46927214506571
25059,32,32,
25075,36,27,
25082,28,54,
25091,0,66,0.535003729115833
25150,60,56,
25156,89,41,0.5331260670779197
25162,96,21,0.5247242998766122
25241,19,25,0.5384543101076987
25268,78,63,0.4774697165339451
25273,50,29,0.48079085213681594
25294,36,85,0.4765183003939739
25301,44,54,
25305,62,54,
25309,56,4,0.4844603979649046
25315,86,4,0.5332820779922766
25336,86,3,0.5364569506286416
25339,45,57,
25342,70,12,0.5091210313903565
25369,13,42,
25394,84,47,0.48998128689595
25422,46,89,
25465,67,29,0.5379954456307411
25470,68,20,0.4853121815279334
25509,83,84,0.5122351016987523
25517,36,80,0.4904825603044721
25574,66,50,
25581,60,32,0.4832469447934273
25599,29,30,0.4890919870563011
25600,9,10,0.4627930191884298
25608,51,14,0.46881419861309137
25646,98,70,0.4859282403631609
25647,79,39,0.5209642478535211
25676,18,38,0.46228448825814733
25690,31,97,0.47882010666411245
25710,0,85,0.5369895349450515
25712,97,27,0.46599579173680816
25744,68,65,
25747,4,20,0.5245645628507909
25785,22,36,0.5137806082175788
25829,75,12,0.5348094901154256
25877,43,33,
25886,88,91,0.4999449014177097
25895,82,88,0.48173191440265684
25931,4,65,0.5234401752253584
25971,34,53,
26004,77,60,0.5159646011903437
26051,69,26,0.4798644121154301
26065,65,89,0.535355539769894
26093,60,74,
26127,50,63,
26139,46,72,
26151,46,77,
26183,42,48,
26306,11,75,0.5330491825992341
26337,50,44,
26439,29,9,0.4617955275994908
26505,87,4,0.5231131918730978
26520,81,80,0.47908288732403204
26553,54,41,
26554,86,53,0.538313861366798
26558,45,24,0.471294329289041
26575,30,56,
26592,53,70,
26612,0,46,0.4835247803995818
26622,39,3,0.5353769867886483
26673,37,88,0.5346328121503471
26707,92,32,0.48535666555848905
26708,13,25,0.464366058534559
26729,10,97,0.49223713190365603
26797,14,1,0.47947035061703486
26886,39,70,
26902,95,47,0.5285359864463961
26911,36,28,
26937,57,44,
26992,71,37,0.46341410252397497
27090,17,14,0.5149735548263112
27102,85,40,0.5335115324863756
27119,47,36,
27155,63,40,
27158,33,31,
27173,81,84,0.5009289349434645
27198,5,80,0.5379711482831716
27199,62,49,
27209,48,7,0.5377846218132203
27216,65,70,
27322,99,20,0.5104651648372563
27353,34,64,
27508,80,65,0.5274030549350246
27578,27,79,0.4968128453521015
27602,95,39,0.5379120099683036
27724,78,85,
27754,86,78,0.5375685182365441
27815,83,81,0.5152602809671317
27832,84,34,0.5307882288827593
27851,52,36,
27861,74,13,0.5300650616434093
27871,72,86,
27963,40,82,
27998,49,56,
28001,53,51,
28023,20,4,0.5245645628507909
28024,43,19,0.477052596771434
28044,40,99,0.5168026531014602
28084,2,29,0.5384409073012788
28097,97,45,0.5292823013880972
28121,89,82,0.4840811587462716
28144,34,3,0.4692108174796085
28164,92,24,0.4797337950826023
28198,28,13,0.5355166710174264
28319,70,69,0.533561806779171
28321,37,54,
28330,53,25,0.4882084735394644
28351,26,10,0.5364400430776468
28357,91,20,0.5209610942855801
28480,37,24,
28513,21,56,0.4838963809395704
28522,94,66,0.5282197345368036
28529,55,28,0.5332048830062467
28532,93,50,0.5370047425747552
28551,35,84,0.5228214577508838
28558,26,61,
28652,15,35,0.4624103110275139
28690,90,27,0.48771726371992424
28740,53,21,0.4658519443195011
28747,7,48,0.5377846218132203
28768,39,43,
28783,31,47,0.5176276158264587
28826,67,20,0.4616066287178264
28846,67,28,0.4751996059473116
28875,19,62,0.5269321305887267
28880,64,68,
28881,68,33,
28884,82,23,0.4668736723611465
28900,6,88,0.4810132182026639
28920,92,33,0.5247603180677245
28963,53,52,
29038,87,84,0.5078121082074021
29051,64,20,0.4746147456820431
29053,56,50,
29059,7,43,
29066,83,47,0.4768043975504987
29114,78,96,0.5299025976529816
29119,73,5,0.4783085578735428
29142,84,89,0.4669796013837822
29177,71,99,0.4678498686696417
29225,55,31,0.5344505120828013
29258,40,10,0.5095195346445219
29276,78,7,0.5371679518574327
29279,78,24,0.4894890687350781
29293,82,33,0.4691787886077942
29311,64,1,0.5348963415878576
29318,0,3,0.5384441338890938
29324,12,23,0.46225449723974954
29338,57,32,0.47115805119142606
29356,73,69,0.5354179914308849
29407,5,47,0.481962028016919
29416,19,30,0.528774637882642
29437,50,8,0.48146329224625345
29439,40,50,
29462,69,13,0.5382807754862722
29463,90,95,0.5062516356251673
29493,2,73,0.5357493392724175
29525,37,32,
29545,44,63,
29617,39,42,
29644,5,25,0.46171419636246613
29666,93,96,0.4615724203370792
29723,96,30,0.5257719030634024
29752,54,49,
29900,94,98,0.5283292541322153
29911,8,23,0.5265244827824935
29924,29,58,
29946,91,64,0.46200481707632995
29972,80,82,0.4724133134096679
30027,21,69,0.5382104996672509
30070,4,81,0.4705192652314791
30073,15,17,0.5376850315067306
30119,87,11,0.5280476196272043
30126,90,26,0.5253458640319119
30128,51,18,0.463937571690249
30179,29,41,0.46181374095316097
30204,85,14,0.5182666794912342
30205,67,94,0.4851714304453807
30222,8,45,0.4639020008140765
30228,35,99,0.4644040163384554
30233,91,71,0.5052845133037049
30236,24,50,0.4615415793895167
30244,28,7,0.48052458260640984
30247,92,54,0.4667157802136496
30249,38,58,
30274,82,34,0.5194768199137335
30297,13,18,0.47306864911377783
30307,95,24,0.5071616360281832
30339,76,15,0.4870886549453604
30346,15,90,0.4651918936891811
30355,64,35,
30371,77,22,0.4745356789872464
30393,76,31,0.5135391206491118
30411,87,79,0.4725253765414375
30438,47,97,0.5383515915998835
30465,98,83,0.5384604779235528
30528,18,15,0.48993379924538727
30538,26,76,0.4973258553551004
30547,0,8,0.5051795868504914
30551,10,41,
30582,6,17,0.4715347830599296
30650,3,7,0.5358801550815713
30658,33,59,
30680,38,71,
30682,60,81,
30697,96,57,0.4742277105507723
30704,74,9,0.4963520493017517
30729,76,53,0.5273700234052123
30798,91,12,0.5345636530708754
30807,43,56,
30811,43,94,0.46570958814383007
30928,25,73,0.4755929984070865
30929,71,13,0.4660665217653297
30935,18,99,0.47068757921227744
30945,57,31,0.469087215658131
30947,25,88,0.5383995408371929
30960,85,24,0.4970213075036846
30977,73,31,0.5220723505902347
31113,49,25,0.49979355855235996
31125,35,28,
31133,64,47,
31137,10,4,0.47415356857651053
31184,67,10,0.5384569812128241
31191,10,83,0.5358795744436882
31196,55,22,0.4659710789434287
31207,78,62,0.46192100664067826
31236,97,20,0.5060932372683502
31281,64,14,0.46746154186210925
31322,57,39,
31327,31,85,0.5181729328013271
31382,22,1,0.5149735548263112
31386,26,34,0.5363567495124814
31441,96,96,0.4640998538936186
31455,91,88,0.4999449014177097
31471,88,37,0.5346328121503471
31473,33,30,
31544,73,95,0.4639032992060908
31631,73,15,0.47738353031425623
31637,34,66,
31653,50,62,
31659,72,59,0.4932939507864006
31665,13,96,0.5303537155373964
31673,52,76,
31682,56,51,
31708,91,24,0.521093666402586
31711,13,34,0.46805063206065756
31745,9,92,0.48255661778236153
31854,92,50,0.46207938803255777
31862,4,55,0.5177202506416535
31897,39,65,
31925,33,15,
31936,86,23,0.46428987565198215
31953,79,4,0.5075647845818454
32031,97,0,0.5083162281652469
32045,71,43,0.5247631962012755
32047,63,91,0.5088225148120447
32064,19,24,0.5360262365342474
32070,68,81,
32085,39,46,
32104,62,32,0.5305402997039839
32119,38,67,
32137,25,53,0.4882084735394644
32145,61,14,0.5379208938105995
32191,11,48,0.5349821980754907
32229,85,90,0.49610084876205696
32257,3,66,0.4830157532588976
32273,97,10,0.49223713190365603
32274,67,3,0.5011304751190101
32291,77,84,
32319,11,14,0.5359720091775262
32348,12,37,
32349,4,68,0.46412024447714273
32351,73,42,0.507464076532712
32393,50,93,0.5370047425747552
32502,32,64,
32513,59,49,
32597,26,60,
32661,0,78,0.5383437798294913
32678,51,31,
32683,75,23,0.474729044177658
32756,79,32,0.5011812583358768
32813,50,58,
32895,79,16,0.5383358306918263
32946,0,96,0.478222951556687
32947,10,8,0.49426030777228813
33037,32,83,0.5311563658691861
33066,53,23,0.4665123852061815
33110,24,80,0.5320339875052403
33113,88,13,0.5311563658691861
33156,19,59,0.5226147436554598
33177,94,28,0.46575842146699054
33218,61,37,
33232,63,96,0.5382607254586956
33325,90,63,0.4660200655271544
33353,75,74,0.4847402247370031
33380,75,77,
33392,43,84,
33406,4,25,0.5048227022368115
33460,98,31,0.5168949626575984
33482,62,95,0.4683709483259004
33592,71,86,
33622,57,85,
33629,72,91,0.47032099515986675
33630,49,87,
33638,13,90,0.4616367439468939
33690,1,7,0.4615395066978461
33749,28,31,0.46172926416708815
33783,23,62,0.5284645066872907
33853,99,23,0.5241648029604767
33855,63,59,
33875,32,38,0.5367407078500102
33924,62,41,
33938,21,93,0.5328372010975727
34121,3,27,0.4759936515513628
34139,12,0,0.5178108501863591
34155,79,74,0.5097157824596696
34163,23,53,0.4665123852061815
34175,59,75,
34232,13,46,0.5051790544110366
34250,28,6,0.47381245577520537
34251,95,56,0.47543751700393283
34258,45,68,
34263,18,18,0.5318342830567885
34269,24,96,0.537296019326834
34279,5,2,0.5317182732670968
34313,37,29,
34386,25,27,0.49958819142154887
34388,19,79,0.5383001180800208
34498,58,70,
34501,17,7,0.477802575290421
34544,54,96,0.510515078706611
34552,9,62,0.4623670340899145
34577,39,97,0.5214327985732212
34623,11,30,0.48338524475083733
34632,88,70,0.5375903838751311
34651,61,79,
34661,38,47,
34717,80,13,0.5364895394047186
34748,36,35,
34783,26,7,0.47006278880615365
34833,96,99,0.5280845626371607
34840,2,50,0.5378408556172919
34909,48,19,0.5249968895144576
34915,78,5,0.4751212063817131
34922,50,59,
34951,91,1,0.46313899331745484
34970,83,91,0.4630516360527766
35026,21,41,0.4616096856360145
35045,50,72,
35059,10,5,0.4723080690777026
35089,77,43,0.4932976545399862
35219,74,64,0.5352142336963988
35221,98,26,0.5297438840671533
35222,31,31,
35326,9,88,0.5359164360755566
35342,43,27,
35347,3,88,0.5316004354782238
35362,93,44,0.5340304359956839
35376,38,12,0.47317921718775025
35436,43,11,0.52335739788152
35481,9,4,0.5200489554559471
35505,8,55,0.4623459685495146
35517,49,99,0.5234371930175851
35525,14,46,0.4625108520479
35547,86,41,0.5363909936979684
35563,48,89,
35566,56,23,0.5204418433702059
35578,72,28,0.4736258031970998
35602,97,22,0.5219464736475019
35625,23,51,0.5379211631133832
35693,3,19,0.5298399431339129
35696,85,67,0.48943555569567715
35730,22,25,0.4618717528832699
35743,2,48,0.5014394373970206
35801,62,60,
35815,26,63,
35831,9,37,
35875,94,45,0.5297408178515262
35900,21,31,0.5300660669663365
35902,82,58,0.4822783311284933
35907,88,48,0.5271492898875569
35948,55,23,0.48737772770790794
35964,75,1,0.485452665856726
36040,69,95,0.4874727401613608
36113,34,65,
36114,65,8,0.4615543371680404
36119,16,79,0.5383358306918263
36140,31,56,
36142,84,40,0.46234651628261325
36175,61,19,0.4763159287108334
36185,0,40,0.49102973546493317
36213,82,63,0.5255035940885271
36259,85,73,0.46168619815390416
36266,98,12,0.4716751199877762
36298,64,5,0.49963899502213516
36345,87,95,0.5138325417654056
36442,50,90,0.461540923810667
36507,96,53,0.5213042815137677
36522,55,88,
36529,46,62,
36580,58,42,
36584,68,9,0.4711226902898202
36604,72,54,0.5357305674239061
36630,5,52,0.4791673284587701
36674,56,86,
36746,69,34,
36754,39,16,0.49359962427229614
36802,7,74,0.4615529555135448
36813,82,4,0.5299684205053836
36860,98,15,0.48250704541368405
36875,27,7,0.46408299977734985
36954,58,14,0.5257313717595254
36957,20,14,0.537004010057331
36979,49,9,0.4840368778722975
36984,3,21,0.46162272527264003
36985,47,87,
37023,58,20,0.4758327013776387
37040,82,16,0.4850722781280661
37101,45,81,
37118,67,74,
37121,57,63,
37124,58,22,0.5381613338439558
37138,66,26,0.5267094074106309
37195,18,9,0.5082681909321736
37216,12,70,0.5091210313903565
37217,87,56,0.46203724335283464
37235,71,42,0.5352346351215863
37269,15,61,0.5267478721419048
37295,21,81,0.538026780059377
37342,69,96,0.46444529042753413
37381,25,10,0.47006278880615365
37435,24,65,0.4809263164847082
37436,96,5,0.537841336247138
37455,4,86,0.5332820779922766
37494,51,93,0.503239402032577
37498,63,28,0.5379379157687197
37517,97,41,0.5372335472419596
37554,56,64,
37560,61,50,
37562,96,84,0.4676574956510946
37572,89,46,0.5048248346005015
37587,56,58,
37623,51,50,
37675,33,51,
37690,5,43,0.525231429330026
37717,95,30,0.4699676701412611
37766,52,51,
37932,77,76,0.4633524136134627
38025,17,53,0.5089692319747988
38036,15,14,0.4803919153051932
38043,34,92,0.46575842146699054
38140,79,69,0.5284288659688339
38150,70,45,0.4625815079635141
38197,7,25,0.5197409111468897
38232,76,3,0.5142612084435355
38258,12,77,0.4788232464209759
38285,22,96,0.5380650391737688
38287,65,75,
38306,8,9,0.4618922922522284
38313,27,8,0.5256935877135267
38346,29,53,
38402,48,91,0.5340304359956839
38410,61,49,
38418,90,90,0.47355271636838114
38462,65,15,0.469490949407261
38470,81,86,0.4626406995141255
38473,30,74,0.5337858457971797
38489,91,56,0.48865172048240485
38502,88,11,0.4977875469676612
38568,0,89,0.4792951625349366
38635,14,77,0.46179571369545785
38662,81,16,0.4681378475201898
38732,71,6,0.5233586785613789
38738,14,8,0.4639021862775122
38742,7,72,0.4644632584978706
38791,60,18,0.5202234759085482
38881,40,37,
38894,41,74,
38919,57,17,0.4659703276808493
38939,27,87,0.48056748342260047
38958,74,98,0.5384542474360005
38959,37,1,0.5259603027660843
38962,76,62,0.46575842146699054
39030,1,45,0.5054338485595513
39036,45,20,0.5349821980754907
39066,74,3,0.48732873176575825
39068,68,50,
39118,95,49,0.4636088448536224
39132,83,98,0.5384604779235528
39149,64,40,
39156,29,91,0.4822365910280255
39190,20,23,0.4714314258596611
39227,23,71,0.5047192088040475
39237,49,7,0.4640100528748884
39253,42,15,0.5358988087380195
39269,29,73,0.501335743305117
39280,6,94,0.4665624803748614
39298,4,24,0.5172156519225524
39301,14,92,0.5006706617766793
39309,78,97,0.5380870186289216
39330,88,45,0.5380343644291905
39348,47,81,
39362,62,58,
39372,95,29,0.470521681072385
39396,85,42,0.5303195116523405
39412,51,9,0.4830143069595891
39445,93,68,0.5176309587737805
39448,61,35,0.5305103717811995
39478,21,34,0.47325252645166177
39482,86,63,0.5208353940521943
39484,31,48,
39485,47,71,
39569,24,26,0.5246434901606719
39571,0,15,0.5280816254596525
39675,54,75,
39736,77,40,0.5051303040560776
39760,29,50,
39802,49,38,
39844,93,23,0.5011850178917605
39858,31,45,0.536585246883297
39863,79,20,0.5325387571056195
39910,24,68,0.4733630377467612
39927,19,45,0.5374889202888766
39930,24,75,0.48816012424655875
39944,56,82,
39959,47,30,
39960,32,24,
39974,39,73,
39977,58,49,
39978,73,46,0.5227387197479271
40009,73,13,0.49548255769614125
40057,78,6,0.538427479175958
40074,97,83,0.461892801457764
40077,7,28,0.48052458260640984
40083,25,42,0.5366485771562711
40118,39,18,0.5382103157537128
40160,16,76,0.522363964314631
40221,88,83,0.4789108394243811
40237,94,11,0.47843548340993036
40292,89,77,0.5173102953835521
40352,21,23,0.5275844524443801
40357,92,63,0.46977618052195785
40359,50,97,0.505742361271133
40363,49,33,
40389,80,53,0.5094174039775116
40393,53,62,
40413,55,26,0.5242059785514634
40421,96,23,0.4888481121211016
40441,86,50,0.5028288647745894
40463,7,71,0.5161973142608176
40470,5,34,0.46176668921688724
40510,40,89,
40515,95,88,0.5146853478629089
40580,69,3,0.5091688147641855
40589,4,67,0.47188259489224266
40610,7,69,0.4671901336577946
40633,32,66,
40642,76,29,0.4675178473431647
40657,58,89,
40660,96,24,0.537296019326834
40745,47,75,
40773,66,85,
40796,27,4,0.46158179965476487
40801,91,65,0.5268231059633101
40814,82,90,0.5333616844815653
40816,88,33,0.46189956831640855
40824,19,50,0.5339332377592517
40850,15,5,0.4615644785757808
40851,56,10,0.4867963643282304
40920,69,33,
40945,98,58,0.5104162664364982
41023,56,99,0.4798170255133526
41031,54,6,0.4834320502117273
41053,73,18,0.46322922110683173
41054,97,39,0.5214327985732212
41104,53,37,
41122,30,44,0.48894385423092096
41235,78,55,0.49003501862301374
41313,59,74,
41319,40,31,
41330,96,95,0.5159120053323366
41366,54,59,
41436,50,95,0.4763998913926477
41478,91,97,0.5289756503370331
41486,71,21,0.47061877348466813
41490,70,1,0.5185802792729428
41511,4,45,0.5125247321171267
41518,50,28,0.5363403170572373
41544,83,96,0.4778056470918524
41558,97,19,0.48173286011902805
41586,52,1,0.47973151169492906
41587,25,8,0.46737996126828985
41626,82,39,0.5189388524924429
41630,2,91,0.4738489009306696
41640,51,76,
41697,69,94,0.4780579517458524
41701,52,35,
41703,16,85,0.5262989818533131
41750,6,18,0.5358986158753952
41751,65,37,
41760,14,38,
41772,28,84,0.4743076243237492
41860,60,87,0.5360613198226957
41897,14,22,0.48061366521633775
41931,49,76,
42017,91,55,0.5215649739925684
42019,59,6,0.5382332063431021
42025,86,88,0.48708409967403093
42061,63,35,0.4628459921506472
42093,44,2,0.5384456598670898
42096,3,33,0.5194306741973533
42164,39,93,0.4797737942936706
42165,12,67,0.46589857020935405
42257,1,76,0.47362384775162886
42367,17,0,0.4686348988007315
42386,14,27,0.46936535492086295
42473,99,66,0.462387918600284
42484,79,43,0.5295469363265746
42505,85,20,0.5363056698824561
42517,64,39,
42562,97,59,0.5384590275435185
42577,70,26,0.5357103363969705
42614,99,4,0.4803937643801536
42629,60,28,0.46210488272022876
42657,10,89,0.5211794572852897
42709,7,30,0.49213448210386584
42716,48,73,
42734,23,30,0.5265987495533846
42765,23,99,0.5241648029604767
42792,40,61,
42799,49,85,
42821,23,76,0.4659940343034706
42828,80,32,0.4985103427025557
42846,48,81,
42895,23,86,0.46428987565198215
42900,1,14,0.47947035061703486
42925,26,86,0.46902559098811986
42984,38,61,
42988,53,17,0.5089692319747988
42998,90,34,0.4631845044621066
43011,9,24,0.4774679746092338
43032,83,52,0.4794685331090243
43074,0,71,0.5268587251801738
43079,13,29,0.4828302888024981
43110,13,38,
43112,74,62,0.534981081348686
43224,37,55,
43308,39,9,0.5307587196203423
43360,44,44,
43364,41,85,
43366,0,19,0.47484658209106934
43377,59,72,
43396,48,0,0.5380269411732318
43402,55,3,0.486075711008626
43500,88,2,0.46534653080186017
43510,19,28,0.4615409542766415
43531,62,36,
43533,18,52,0.5246837121406202
43540,47,24,0.49763593493654434
43547,40,11,0.5129607219017405
43559,27,12,0.46248816009704086
43574,4,85,0.5342198953530021
43622,48,29,
43640,66,2,0.5221965595474914
43659,87,70,0.4671386210166348
43673,85,22,0.4826481988130379
43689,17,43,0.470355389903033
43718,54,95,0.46244380193495377
43720,23,44,0.5258460459752445
43785,81,42,0.4651918936891811
43855,6,1,0.46251097211275066
43889,10,22,0.4713624168164568
43902,52,21,0.46332073391500966
43971,42,95,0.5230686933568917
43999,56,5,0.46530094568558245
44090,26,30,0.5376328674478658
44095,40,69,
44112,35,51,
44158,47,55,
44217,59,38,0.4616095876156976
44219,7,88,0.4886966793635642
44248,99,65,0.4615922922886129
44272,24,90,0.474231300467612
44304,8,25,0.46737996126828985
44326,99,70,0.4689942272591233
44337,36,10,0.5355164648072506
44346,30,90,0.4627029431567831
44375,80,58,0.4615399000312657
44400,11,45,0.5185816906801616
44477,55,69,
44480,26,58,
44491,9,90,0.4767255636996881
44597,77,18,0.46436666522251835
44599,74,95,0.4696771949997752
44630,20,60,0.4786498738869738
44647,56,97,0.5045190556171103
44685,45,79,
44692,27,21,0.5267839714566247
44707,88,84,0.46840049594203365
44803,8,78,0.46241053856251085
44814,12,73,0.4760752277394192
44850,38,46,
44852,67,91,0.4690249539155445
44857,77,89,
44923,66,99,0.462387918600284
44930,18,83,0.471327094253193
44973,57,60,
44997,38,72,
45037,88,96,0.46364186064476365
45063,3,65,0.4925889462652734
45089,72,66,0.5178089451696847
45098,33,73,
45102,87,27,0.48056748342260047
45120,36,57,
45136,81,32,0.5231131918730978
45139,57,92,0.5383740375278759
45150,97,33,0.47102012233216906
45156,6,80,0.4718472210973386
45199,38,94,0.5297438840671533
45205,2,18,0.48864915345168297
45216,14,93,0.5159139620789833
45266,19,12,0.49118011271365414
45309,18,73,0.46322922110683173
45320,69,35,
45351,5,53,0.4850269525901915
45373,84,0,0.4615558301177241
45542,38,65,
45579,57,98,0.4918352875699758
45590,52,58,
45617,44,67,
45633,58,39,
45638,89,10,0.5211794572852897
45661,36,95,0.4693640554005649
45768,54,2,0.533512850890965
45783,16,88,0.4644827228674484
45821,28,28,0.4620790288881927
45836,82,56,0.5074142297675588
45845,69,1,0.5051806517263094
45967,7,36,
45974,59,28,0.5174900957507214
46098,59,39,
46115,34,96,0.5367869122929213
46131,98,55,0.4702557877451421
46154,70,92,0.4666415370220079
46160,84,91,0.4697404731506622
46184,20,8,0.5074121207340113
46190,35,5,0.46218702071566015
46194,11,3,0.5315427087841903
46207,70,58,0.5374546877989022
46210,32,78,0.4761536069919573
46242,37,57,
46257,54,56,
46292,54,26,0.5302578808373235
46360,96,47,0.5240443569163722
46375,40,66,
46382,43,4,0.5282564179993587
46400,77,39,0.48241900166333557
46425,51,77,
46457,42,91,0.509516931546041
46510,47,33,
46515,73,61,0.4908821131495071
