,x,y,value
59,42,82,
150,72,11,0.49961106212895284
224,57,39,
232,22,44,0.5184149513084567
306,97,54,0.4851410025944053
313,85,67,0.5180397429675196
317,80,15,0.48151949324485427
355,4,81,0.4814816252193853
384,10,44,
385,39,38,
399,73,30,0.5077650060757692
423,55,38,
453,8,25,0.49158648833537005
500,26,32,0.509864636606747
582,47,34,
601,59,55,
606,71,74,
633,73,91,0.5101448969898895
646,47,77,
686,6,14,0.4946862595058705
709,93,94,0.5166772492987849
738,26,7,0.5161002755400066
785,94,33,0.5161744824297229
818,16,33,0.4821836386917338
874,32,79,0.4880153691584191
922,79,19,0.48265215145263596
925,33,37,
982,57,8,0.5107857529987545
988,0,4,0.5003716714493776
1008,42,65,
1044,27,37,0.5178194206925977
1122,37,83,0.49724898249581784
1153,32,94,0.4818413075346247
1223,55,51,
1290,90,7,0.48298010696385046
1296,23,60,0.5184670842376912
1314,64,94,0.5161198281333461
1332,11,40,
1363,46,96,0.501448686912931
1398,14,37,
1424,36,23,
1426,65,64,
1433,10,61,0.505681298755724
1447,41,5,0.48191218910838945
1469,93,76,0.48312162643137146
1544,13,96,0.4828355411113574
1561,50,82,
1594,10,17,0.5184345246154843
1595,45,34,
1643,18,10,0.49060811800103343
1693,16,94,0.4926196447046966
1707,1,89,0.5049821094272566
1723,55,4,0.5051266671195741
1759,71,8,0.5049732965767333
1778,23,0,0.49504434523818086
1789,7,72,0.5020573290451255
1816,3,56,0.4926019332315428
1817,29,49,0.5025832194473364
1839,7,0,0.5060223619304175
1897,99,77,0.5018047569428237
1915,83,61,0.49922228961298326
1920,10,33,0.5084189575170535
1930,91,19,0.4890776869521136
1967,76,33,0.4827023944638322
1972,22,35,0.5033220537830876
1977,18,69,0.48229216664061075
2006,98,12,0.4825289651078148
2086,26,13,0.48545396248563033
2143,5,48,0.5106491185776639
2160,95,74,0.5091915666411831
2200,88,1,0.4981193874887224
2230,20,39,0.48329545994220047
2256,73,68,0.5084443011971803
2263,5,70,0.4837280743859072
2337,72,13,0.5007259180002074
2338,38,53,
2347,64,98,0.5017148828175236
2352,36,18,
2364,34,62,
2412,59,89,
2471,30,68,
2503,49,80,
2551,61,69,
2560,4,66,0.4870809203302312
2641,65,79,
2677,90,73,0.48639233934512704
2681,79,2,0.5074260283312545
2684,37,16,0.5184664766769096
2686,77,93,0.48194116865402054
2758,1,54,0.48162586225165244
2765,12,68,0.4944929680150254
2790,96,61,0.49763220119519497
2808,13,66,0.4899862879291523
2843,10,82,0.48591307403232875
2868,83,60,0.5036591208744846
2871,43,19,0.5169380121170003
2878,5,76,0.5104747551889863
2884,51,6,0.5180463806877033
2929,54,11,0.5178202505404885
2937,92,48,0.5149721650555059
3021,0,81,0.48148391874152574
3053,44,76,
3100,80,26,0.5158043201964185
3191,23,59,0.5165320674306139
3194,5,9,0.5112428943495995
3196,77,25,0.4830735272437274
3251,70,73,
3270,23,34,0.497227872193887
3312,48,79,
3338,8,67,0.48478369119398707
3350,82,31,0.4817708007737735
3434,83,62,0.4837929624528727
3451,98,6,0.5084433964089691
3459,46,8,0.5170066566832365
3492,95,30,0.5161744824297229
3498,61,19,0.48278269779764443
3538,97,67,0.5149661799811759
3579,48,82,
3614,80,31,0.4897982008838763
3679,25,57,0.48512463737138484
3683,27,7,0.49649230405730455
3718,18,0,0.4829901388267868
3742,27,16,0.5138259541275332
3748,12,47,0.4898117799148712
3754,31,28,
3787,90,53,0.4861483879557554
3819,34,69,
3863,81,64,0.4926243069539364
3877,36,51,
3912,8,76,0.5159968987825864
3919,38,70,
3942,48,15,0.4934456230602323
3956,63,70,
3958,60,33,0.5132034611759335
3994,51,1,0.4886036002038769
4038,76,99,0.5054439187552094
4061,44,9,0.4843767403286271
4097,30,85,0.5172318748655264
4145,62,70,
4183,39,76,0.48859158441220557
4196,28,92,0.4847750050501483
4228,2,88,0.517719998536885
4275,76,17,0.4851288770703005
4283,21,58,0.5060338969358331
4391,97,66,0.49272216143270436
4445,90,40,0.4829301108574958
4452,68,49,
4491,76,74,0.4995917508237248
4499,73,73,
4505,29,11,0.5075745689090372
4530,9,83,0.4815818650006906
4538,32,88,0.4814815990823445
4569,44,64,
4577,39,59,
4638,40,52,
4652,87,83,0.5184695527741202
4655,61,50,
4663,50,34,
4740,5,32,0.5147694570361075
4746,72,74,
4768,41,32,
4846,61,33,0.5159201540645066
4856,39,96,0.49095959396958805
4889,52,1,0.4973976675047596
4899,19,15,0.5009308724404118
4942,4,10,0.48167720699950434
4975,70,71,
4992,66,48,
5076,6,33,0.5097146505868914
5092,10,41,
5114,74,1,0.5181684113703048
5123,71,3,0.5123988974312557
5155,93,41,0.5070962681053974
5180,58,0,0.5087545694965924
5280,44,81,
5298,16,11,0.5014841568764088
5313,45,47,
5339,18,25,0.5129314687240619
5386,77,40,0.5067430235374385
5456,69,57,
5526,23,31,0.5163650771146205
5529,62,76,
5595,94,91,0.5113458616520008
5654,85,33,0.5040296675415805
5716,9,41,
5768,47,10,0.4851216103598689
5827,9,65,0.48156694491932495
5867,91,89,0.48821636708118865
5876,59,34,0.4879035214719567
5910,3,45,0.5181662438168075
5953,0,48,0.5046054217159445
5965,65,1,0.4818377266347277
5969,66,51,
5999,49,14,0.482184748270084
6149,99,94,0.5100769243143364
6170,35,62,
6198,90,26,0.5185168340117822
6238,44,52,
6256,23,84,0.4944842330414069
6286,31,57,
6293,34,15,
6301,0,43,0.5173574464916284
6307,21,59,0.48448784435017855
6370,16,1,0.5013008662008103
6439,72,42,0.5140578618381078
6446,4,12,0.5036920018827827
6477,74,69,0.48160857146290026
6482,52,15,0.5025842261239724
6515,17,12,0.49722385160085986
6526,11,1,0.5109452996851185
6544,82,13,0.5072161053055563
6571,47,62,
6581,65,75,
6610,26,79,0.49227379012831063
6623,3,33,0.489666382378506
6652,94,49,0.5077797699829565
6658,2,78,0.4819152461874348
6661,8,12,0.5047773358695382
6686,37,76,0.5139662647449929
6704,77,21,0.5147590248707888
6718,1,6,0.5174192725475041
6729,30,65,
6742,81,24,0.4859124141550251
6761,17,92,0.5169981965481762
6783,65,49,
6793,96,57,0.4917142586045502
6829,20,91,0.48373390196979793
6878,95,87,0.5171326210267421
6928,6,79,0.5067392360548196
6972,37,5,0.5152053040195568
6992,66,27,0.48229216664061075
7005,11,5,0.4895093341353443
7023,48,43,
7059,98,73,0.516166555262756
7078,54,83,
7092,92,73,0.517273545059726
7095,8,64,0.48380330180993686
7130,13,37,
7135,75,70,0.48203029143863424
7137,55,37,
7190,92,43,0.49959479994812817
7241,86,63,0.5049928790372717
7245,18,50,0.5072282748619438
7298,6,70,0.5016865377546933
7363,67,55,
7373,72,49,0.4944842330414069
7416,45,84,
7463,98,88,0.5180356000050088
7506,69,95,0.5132914089156659
7525,24,8,0.5133211048733086
7580,65,84,
7602,11,96,0.48244835377637113
7614,66,46,
7628,76,52,0.48265428673378385
7631,76,86,
7705,16,64,0.48641235328636795
7740,15,25,0.5051335049471066
7792,7,55,0.5013099930196474
7849,32,63,
7852,5,5,0.4877519736902778
7866,67,20,0.49043362080406055
7872,25,20,0.4855735323291517
7890,89,3,0.49519714404857856
7934,32,54,
8015,87,26,0.4839801156623253
8067,92,9,0.5145271553252075
8078,54,74,
8101,45,4,0.5153169056955957
8104,44,34,
8109,36,79,0.49343041257278897
8134,3,94,0.5053419884234174
8139,69,80,
8175,54,89,
8235,18,72,0.48499679780951055
8273,56,49,
8305,46,5,0.512242700347232
8370,75,26,0.4937830575712504
8478,95,7,0.4829293226185866
8508,96,50,0.5098370893623195
8513,19,89,0.5033010488841457
8522,83,85,0.4826607038679692
8605,11,80,0.5184777359418922
8627,88,37,0.48149906004290044
8671,17,39,0.5184506699489946
8673,97,19,0.5164680036720394
8698,80,74,0.5127676318955584
8709,51,98,0.5130335469122775
8730,97,25,0.48718092907385613
8807,27,4,0.509550718600617
8817,89,41,0.4821245186825704
8876,23,58,0.49593165607877376
8880,36,17,
8890,46,63,
8894,36,78,0.5182611844751818
8912,60,75,
8913,82,36,0.5148983522647572
8920,49,24,0.5036830355322227
8932,51,31,
8990,39,64,
9056,91,57,0.48339582825971744
9063,18,2,0.4925935463944345
9123,82,91,0.4830846803328469
9147,25,25,0.5130587996203624
9150,82,33,0.4814839850876509
9154,84,48,0.4864013068499088
9245,48,85,
9359,52,17,0.5040465341950043
9422,76,25,0.4819154649590114
9424,90,63,0.48938918665346426
9440,3,12,0.4963070143854297
9457,80,47,0.515401418529569
9487,70,61,0.5100496150311723
9512,84,64,0.5183174628037203
9600,24,98,0.48186538740875595
9604,19,18,0.48346107947437134
9608,49,64,
9639,53,92,0.517139173577324
9711,28,2,0.48981602497452675
9723,96,12,0.4864013068499088
9752,90,11,0.5162922790046386
9767,76,95,0.511573299142772
9794,80,51,0.48156841447962456
9803,51,10,0.5183214765150659
9862,80,53,0.48172995398999513
9872,47,15,0.514197727346124
9944,83,31,0.49342946208550537
10017,11,20,0.5047763536534697
10025,40,30,
10070,13,78,0.4927446034156293
10109,50,50,
10127,3,26,0.48346107947437134
10162,53,56,
10186,2,43,0.5065410760883989
10197,38,93,0.48229693349773195
10215,68,54,
10245,41,95,0.5014507139132742
10250,43,87,
10382,55,27,0.5130530318198488
10399,26,77,0.5007218546278909
10428,66,78,
10432,80,79,0.49554225668121604
10503,15,89,0.49984059524318364
10523,61,8,0.4826489520599614
10550,3,19,0.4941527293018433
10592,74,14,0.4863086533328348
10593,57,21,0.511957495662801
10668,20,1,0.49796087031462305
10685,29,38,0.5145397561484745
10708,43,92,0.49959479994812817
10711,31,22,
10848,28,21,0.5168574080843071
10858,91,96,0.5077982164249374
10902,58,12,0.5056803311512889
10909,38,80,0.5169454011270732
10911,28,36,0.5093989029650982
10979,33,50,
11006,70,12,0.48149964037381426
11017,99,76,0.5054439187552094
11038,90,30,0.5177211793611811
11055,93,60,0.5124162553236085
11074,89,8,0.5036670931349903
11176,20,45,0.508751881845576
11205,36,92,0.4941237989076401
11284,33,7,0.5110913995459581
11348,53,13,0.5035196862480327
11353,29,89,0.5130414886670216
11407,98,67,0.4998599103917062
11548,83,36,0.4919412352604645
11561,35,63,
11579,6,83,0.5078947278540418
11715,86,25,0.48203225846622805
11776,75,75,
11888,59,90,0.4999623913205687
11980,34,10,0.481481700080178
11989,86,65,0.4991087401965865
12062,42,35,
12166,7,83,0.4815194281734991
12181,28,95,0.511267920470125
12269,39,51,
12311,49,1,0.5146634362352057
12371,31,96,0.5035426394844973
12374,85,72,0.5094277938186459
12464,34,45,0.5166252859114611
12579,71,81,
12663,37,82,0.5174901744837417
12712,96,99,0.48157159131231747
12740,39,56,
12773,10,48,0.5183719883588704
12932,52,83,
12945,67,23,0.5129409255690204
12961,92,37,0.4891795797631994
13001,30,12,
13005,37,49,
13060,56,4,0.48655607356615
13075,81,19,0.4814993713579001
13091,26,0,0.48775044875494333
13094,13,85,0.5148971445559616
13110,37,81,0.49519714404857856
13123,30,87,0.4871845979125198
13268,82,71,0.4958000497481597
13371,53,58,
13412,7,22,0.5178180365387436
13426,74,16,0.4885955888168967
13453,0,11,0.49558173645003495
13504,6,54,0.5098611948643414
13515,92,41,0.5042692405649145
13571,50,8,0.5184667049296043
13597,20,72,0.5122343077235365
13607,57,60,
13702,49,6,0.48355018078078776
13709,93,66,0.518098008263425
13715,49,13,0.48802699845471065
13724,69,87,
13747,14,55,0.4838047806185231
13764,29,78,0.5078947278540418
13805,24,60,0.4839867495013491
13811,63,72,
13819,0,86,0.5183192516442822
13863,31,75,0.48278569426034923
13889,58,37,0.48630659992588854
13890,68,20,0.5003554086635185
13933,1,17,0.492421732992429
13983,2,36,0.5011103439074507
14062,61,53,
14116,31,48,
14194,44,19,0.5112485482578315
14254,92,22,0.4957911391014683
14372,34,37,
14405,76,19,0.5158059095774099
14412,75,35,0.5184986217224353
14473,34,34,
14557,35,86,0.5100496150311723
14579,12,45,0.5134558186679039
14628,62,16,0.4922654758641855
14705,66,9,0.5082366216834407
14731,35,77,0.51748917206124
14754,41,75,
14755,98,4,0.4837353599688416
14781,50,80,
14805,45,17,0.48417981776443697
14849,52,60,
14860,40,43,
14865,79,72,0.48184230537594314
14877,86,36,0.5016986861305749
14879,80,90,0.48537016913796194
14926,70,15,0.5179573702642255
14948,97,51,0.4816716451536319
14951,96,27,0.49139074014188894
14960,36,81,0.500717791220767
15003,77,96,0.49553436330091155
15020,1,97,0.48148657495817204
15050,40,92,0.5010819284576238
15068,72,50,0.518094338268957
15096,48,64,
15123,32,37,0.5093997788991838
15151,38,61,
15164,74,56,0.503537650129737
15221,36,97,0.49161548175686526
15250,62,1,0.49485185759313394
15324,65,10,0.5058328120224803
15325,21,77,0.5147590248707888
15355,62,23,0.5068799164780591
15388,75,18,0.48692464446122313
15389,83,79,0.49958565260822074
15406,8,1,0.5056696863731207
15467,26,64,
15471,95,84,0.48514828650778624
15494,93,82,0.48149818562598934
15495,91,63,0.4832810064689083
15527,22,85,0.5183191028778759
15550,10,69,0.48448951038521554
15580,23,35,0.4817060234381519
15591,79,3,0.48708529122206706
15628,44,98,0.5061623402706934
15667,58,73,
15673,98,65,0.4941112673486423
15684,41,6,0.49649529875324255
15765,60,57,
15781,15,91,0.508224782737751
15811,97,60,0.5040147822852352
15882,12,73,0.49650727848678516
15899,77,30,0.5058250924582767
15904,71,91,0.5040137898379223
15915,92,44,0.5085507125884743
15934,70,99,0.48710497756849264
15960,92,16,0.48151128119640024
16048,65,4,0.5180919551685836
16056,42,81,
16065,2,13,0.4817665206047115
16075,48,80,
16158,20,20,0.5156183579786521
16190,88,55,0.4903182721564848
16194,1,14,0.5183226580330293
16221,1,20,0.49796087031462305
16232,68,26,0.4827042102262243
16293,4,62,0.4976029642137182
16310,31,98,0.5177226541898897
16344,60,47,
16361,16,28,0.5178664331837881
16430,56,69,
16484,86,66,0.4847703766611448
16493,89,20,0.5107725265874894
16579,77,32,0.5164638168355213
16618,46,59,
16800,83,75,0.5132212695189109
16844,7,73,0.49413729777957366
16872,23,71,0.49849660276047875
16938,33,94,0.5161744824297229
16948,47,60,
16974,28,28,0.5170840584239572
16994,85,77,0.4998568606207834
17046,97,75,0.5129641758661276
17073,60,70,
17138,15,90,0.48499143624340485
17155,22,11,0.4827096653317047
17170,51,65,
17219,29,72,0.5142989024491036
17227,88,57,0.4863202963186291
17236,71,13,0.509407661031033
17296,30,31,
17300,81,33,0.5106632530756953
17309,29,47,0.4981345585878536
17337,69,2,0.4858173086271956
17341,3,61,0.4873483200552379
17346,36,66,
17348,8,8,0.5029607664411131
17359,68,23,0.5038908255748253
17377,0,5,0.4934532302010438
17400,34,32,
17462,33,32,
17471,11,98,0.4865707647289474
17472,38,19,
17523,33,41,0.5080907981808451
17524,68,8,0.49274928041520355
17550,1,74,0.5181684113703048
17562,73,48,0.4955580460199818
17578,49,59,
17597,58,59,
17611,95,56,0.48614568931408564
17623,61,10,0.505681298755724
17634,8,86,0.5184775333766316
17654,68,50,
17749,35,45,0.4972328981231196
17762,5,97,0.5184919809658453
17771,38,45,0.5126687569844935
17775,13,6,0.48165131924271504
17814,69,50,
17892,63,90,0.48938918665346426
17909,95,31,0.48639992678289096
17917,71,94,0.4951784918275534
17974,36,36,
17985,98,82,0.4815175019323649
18017,92,85,0.5078689694889124
18026,89,62,0.4958000497481597
18030,61,48,
18061,81,82,0.4843571218127991
18103,46,86,
18151,13,81,0.4818393159565528
18155,25,18,0.5129314687240619
18197,63,17,0.48170728785409567
18248,79,70,0.5097423317132194
18305,20,71,0.49723993477413886
18309,38,4,0.5047734069188922
18390,95,73,0.48151232783451275
18392,46,6,0.4920786259782968
18395,86,80,0.499487267802012
18399,92,61,0.5134781487682599
18440,76,45,0.5005828607164899
18444,52,30,0.503521682404957
18485,23,39,0.5180904352151
18491,55,53,
18519,12,70,0.48149964037381426
18534,87,6,0.48218919517338227
18575,81,47,0.48682723980429027
18591,40,24,
18644,33,61,
18645,30,47,0.4827067544828371
18652,94,22,0.514212076470136
18671,97,12,0.515330605455367
18730,49,77,
18743,63,83,
18751,63,12,0.5184910478913625
18762,21,24,0.5143092331440172
18776,38,41,
18778,21,67,0.4856785259689942
18820,3,4,0.4934532302010438
18825,70,21,0.4814868894574286
18936,48,10,0.5183719883588704
18948,45,64,
18959,0,67,0.4839862389164488
18965,17,74,0.5157287035676966
18969,2,66,0.5134607069280457
19078,13,49,0.48802699845471065
19083,22,93,0.49872957128340434
19096,71,70,0.5163522123705244
19118,46,60,
19121,13,0,0.49667195810075704
19135,66,42,
19160,45,88,
19165,51,37,
19185,43,22,0.5152035629396233
19225,94,76,0.4839244076150512
19233,9,97,0.4816232138093958
19300,30,15,
19307,70,26,0.48790583091890444
19308,83,16,0.5139662647449929
19334,11,93,0.48682723980429027
19359,62,41,
19376,77,71,0.4926252394704807
19390,79,97,0.49994917529777655
19417,61,66,
19435,24,7,0.4929366230617654
19443,70,95,0.49626319240096767
19495,1,91,0.5033010488841457
19516,92,57,0.48172862795008364
19519,5,53,0.506728818802666
19562,80,1,0.4819154649590114
19627,8,61,0.4826489520599614
19663,22,69,0.48156723783146693
19666,4,87,0.4944842330414069
19669,35,0,0.5168574080843071
19679,96,83,0.5151779797482299
19710,92,27,0.48167295522542714
19765,96,0,0.4843641992329059
19815,79,8,0.48252526058263856
19879,88,54,0.487179461808886
19899,7,56,0.5082402635922089
19913,17,30,0.5084189575170535
19916,26,10,0.4846882510443178
19923,37,9,0.48409025419146523
19934,93,62,0.5168422253012159
19964,48,29,
19985,85,12,0.510046199188452
19989,0,32,0.5177650745313863
20048,39,8,0.4814871881334804
20097,17,4,0.5001868647700828
20098,69,11,0.4849979897660461
20099,67,71,
20135,13,59,0.4887668144005281
20170,45,16,0.511541525940009
20180,49,49,
20189,34,75,0.5047567063131319
20192,48,36,
20257,41,38,
20261,0,95,0.518477194654122
20292,13,21,0.4996263081960838
20413,86,94,0.4815126807255588
20437,4,30,0.49241987784329005
20441,2,46,0.4914132501878765
20458,5,93,0.48848633374426575
20486,74,83,
20507,46,83,
20509,42,19,0.5119613766039658
20520,3,15,0.5087456097368479
20541,79,54,0.501826003133875
20559,72,99,0.4920409704483264
20564,63,74,
20573,49,86,
20578,42,45,
20585,29,98,0.4816723724189656
20620,93,1,0.5110718513619235
20628,61,17,0.5165320674306139
20637,24,54,0.506032935785405
20665,88,14,0.5159253447595069
20723,32,43,0.49870928755516714
20724,46,50,
20735,37,75,0.5183518380471613
20761,39,19,
20778,2,83,0.5072161053055563
20779,18,45,0.515412699031295
20824,83,14,0.5110759254863756
20845,32,4,0.5178664331837881
20857,33,2,0.5103395346878566
20901,43,65,
20918,89,22,0.48615378724290764
20968,37,91,0.4824480296051775
21022,11,34,0.4934494264726939
21039,70,46,0.48918700629381323
21049,58,58,
21051,36,83,0.4919412352604645
21057,76,55,0.5174095906865468
21064,56,91,0.5181202859025941
21096,18,51,0.5183500641370868
21107,61,61,
21144,19,27,0.5101788924148642
21185,6,0,0.48150036756241366
21225,92,51,0.5147498093435017
21228,69,58,
21235,4,38,0.5047734069188922
21249,0,53,0.5001949972982366
21286,51,40,
21294,16,30,0.4977712148969892
21313,63,18,0.5051227594496008
21389,25,63,0.4821287747421902
21394,70,98,0.5112800181720316
21398,7,46,0.4873446086502703
21401,12,75,0.5098534492055709
21409,40,65,
21417,47,9,0.5161027864090033
21421,52,45,
21514,70,14,0.4979760275746431
21581,8,38,
21648,65,67,
21672,74,0,0.4845732389449804
21712,12,6,0.4819515811033687
21735,48,37,
21760,57,83,
21791,73,51,0.49519714404857856
21792,54,40,
21794,9,52,0.4992476834158954
21813,13,40,
21827,80,0,0.5182372110529929
21855,40,39,
21872,96,73,0.5155448479179258
21888,5,87,0.4883003323358601
21913,19,19,0.5022227420748382
21932,79,47,0.4929601238150322
22003,72,96,0.4869052212101892
22009,40,37,
22056,23,44,0.49207770707251913
22089,88,22,0.5115566251600043
22092,56,7,0.5082402635922089
22147,78,84,
22240,99,61,0.4916236408224383
22243,74,94,0.5144576608925991
22259,26,57,
22281,51,14,0.5185124657306615
22330,36,76,0.5097310898769472
22358,20,93,0.4814939680906579
22393,75,9,0.4983478990749425
22404,94,14,0.5174911764318029
22449,56,48,
22477,71,39,0.5170010191039157
22500,28,85,0.4957881691141164
22565,46,47,
22584,95,15,0.481771696458946
22607,51,79,
22614,88,71,0.4988440064041421
22619,79,77,0.4825673230694379
22669,12,60,0.48148377272719367
22727,11,81,0.4820902411324805
22797,98,42,0.4816224615974742
22819,9,89,0.5031701138655151
22834,40,71,
22835,16,36,0.5172240445744903
22855,82,62,0.4882022563491992
22911,62,91,0.51164996445045
22920,5,36,0.5176562527810553
22937,81,23,0.5179210939261211
22971,95,33,0.4885843786498142
22985,57,84,
23022,23,3,0.5020421734455831
23041,93,7,0.511945070598311
23080,55,74,
23251,37,96,0.5058135110057419
23255,27,10,0.4852268765677882
23280,56,63,
23290,63,85,0.4882038236396306
23298,67,60,
23303,32,65,
23308,92,84,0.5107534990632226
23316,31,47,0.49908132425293505
23337,96,95,0.5088563511434581
23378,40,99,0.5180399726156515
23430,35,3,0.5127926462219023
23465,16,70,0.481796736270208
23492,60,59,
23536,72,53,0.49615094218323036
23638,9,19,0.5042385680959717
23650,3,40,0.5184906032247326
23673,72,23,0.4912714335394762
23710,94,51,0.496635962166432
23717,63,26,0.5122365970635476
23771,15,77,0.4887732812932853
23873,5,10,0.48199433528525765
23874,45,77,
23881,44,89,
23962,9,86,0.48322899456110413
24026,30,13,
24053,8,16,0.5072357619902635
24059,99,70,0.48710497756849264
24062,84,88,0.4948176880080854
24094,67,34,
24110,80,34,0.5184916534844772
24132,7,67,0.5181678208763852
24165,93,49,0.4909604812299244
24289,14,19,0.4823419210274108
24364,76,44,0.49542610762091926
24369,93,50,0.49041621723904305
24378,32,24,
24445,49,46,
24453,89,74,0.48589922552714576
24496,41,45,
24524,3,87,0.4880145941608707
24525,81,40,0.5075532260356284
24535,83,6,0.5078947278540418
24536,89,4,0.5025681183650182
24546,25,36,0.48329545994220047
24566,45,15,0.4834587934434104
24606,93,74,0.4991168638180382
24609,96,89,0.4856534231635286
24630,49,68,
24664,61,52,
24672,46,11,0.5138232484791184
24735,48,18,0.518296193272894
24746,41,54,
24758,75,17,0.4936455405869847
24775,48,66,
24816,87,38,0.498485457127553
24829,50,88,
24853,72,88,
24862,75,64,0.48718166276429226
24880,88,72,0.49096580536394613
24947,64,56,
24964,89,35,0.5176485710584634
25000,74,26,0.48165393919839766
25001,21,37,0.5184506699489946
25039,86,15,0.4820910169329239
25064,80,61,0.4951902715687625
25102,39,21,
25131,17,25,0.5065439292693334
25165,85,19,0.5118431456051087
25175,44,80,
25282,31,68,
25351,13,5,0.49044668104695016
25354,26,72,0.49107499321428005
25363,8,62,0.4965022867467191
25376,83,11,0.518298386702738
25430,25,59,0.517414782514853
25486,86,61,0.48978802177524855
25536,8,41,
25548,81,93,0.5097535685876359
25612,18,19,0.48346107947437134
25626,22,23,0.5118267253251485
25629,6,35,0.4931031099241053
25653,4,50,0.5185165480399743
25659,50,12,0.5182350887726901
25677,43,90,0.48356140102146117
25750,69,26,0.4816747089470715
25797,10,79,0.505334200681454
25856,98,83,0.4977217707408071
25871,52,12,0.49226178124155195
25953,20,51,0.4957723311125339
25980,38,52,
26050,79,49,0.4890776869521136
26072,97,57,0.5106765476489478
26078,29,67,
26135,0,87,0.4941305479103546
26200,28,93,0.48328494288553797
26210,76,89,
26241,67,17,0.5162869599889242
26243,64,93,0.5020815750985484
26248,21,73,0.496873978806824
26320,54,65,
26359,81,71,0.5172761090069491
26419,37,40,
26421,0,76,0.5151971754521532
26481,47,42,
26487,42,84,
26512,74,77,
26541,83,0,0.5170907203917089
26573,57,13,0.5065363203926606
26831,82,7,0.49542315231392897
26853,54,56,
26880,83,76,0.5039146764644022
26903,91,30,0.4976201024019593
26923,80,99,0.5163426597666199
26943,42,46,
26954,95,52,0.4817928258876476
27002,56,11,0.49029748181204547
27177,82,25,0.4847002688656637
27181,24,94,0.48657006474489917
27183,32,3,0.5145422742102678
27213,22,37,0.5065410760883989
27221,78,0,0.49592471389460835
27286,27,84,0.5009542243942189
27289,23,80,0.4832884453480095
27313,81,57,0.4839775663582307
27317,56,82,
27390,91,99,0.5017290538337464
27418,68,24,0.5044014906596376
27453,53,38,
27454,5,7,0.5118243782872182
27504,77,35,0.51748917206124
27545,85,30,0.5172318748655264
27564,73,63,0.48160821502160733
27568,93,81,0.5097535685876359
27571,57,76,
27799,77,27,0.5177598992266693
27801,79,80,
27803,66,92,0.5172374539094249
27817,2,76,0.4894942595741917
27826,97,55,0.5144538484580926
27837,62,17,0.5014719963566263
27862,76,98,0.4832766374594354
27865,35,82,0.5182988553172406
27914,93,10,0.5074334780229917
27937,55,34,0.5025801993707306
27951,91,61,0.51835400848965
27956,83,86,0.49544679823931986
27965,47,94,0.511563773034564
28002,55,59,
28010,34,3,0.49108835765087483
28038,99,26,0.4817935688569763
28060,38,30,
28075,68,71,
28083,66,30,0.49434678118685477
28135,75,67,0.4885843786498142
28157,2,79,0.5074260283312545
28160,98,56,0.517828797328427
28191,32,41,0.4973976675047596
28248,70,24,0.4845732389449804
28295,90,79,0.5058019270302763
28331,66,33,0.5182976045756584
28342,42,32,
28363,33,10,0.5084189575170535
28370,81,34,0.4816546319779324
28390,80,2,0.503307050732764
28399,87,27,0.5036660966411093
28421,17,57,0.4909391945065207
28435,42,72,
28447,57,2,0.4841782326725136
28485,54,72,
28503,6,47,0.48605379418117256
28514,5,30,0.486675377081547
28520,0,34,0.4977712148969892
28546,47,3,0.4831379783358026
28555,20,57,0.5160004826692736
28563,26,65,
28588,37,25,
28596,76,72,0.5171395585566497
28626,66,49,
28656,50,53,
28711,34,48,
28721,62,45,
28769,80,39,0.5021995270889102
28787,40,44,
28809,29,52,
28833,56,46,
28851,9,90,0.483286693713789
28918,95,17,0.48156851289470287
28983,78,57,0.5058173717706647
29024,16,47,0.49207770707251913
29032,91,54,0.4913871400383661
29065,76,73,0.48470714532265613
29072,45,24,0.5049654619124816
29085,58,72,
29124,88,90,0.4904031721459447
29138,63,32,0.5074223029481133
29141,24,86,0.5155332348013814
29149,59,29,0.481534993028523
29153,72,97,0.5149110223613859
29171,26,87,0.4839801156623253
29185,14,71,0.5184139827188075
29189,22,39,0.4902940183911696
29195,51,93,0.5127691045586503
29198,43,6,0.5072310826985227
29314,84,96,0.5185179517197405
29319,49,36,
29335,0,56,0.4868143845105495
29496,2,15,0.5184157015480947
29523,82,96,0.49237538172906614
29533,84,18,0.5182611844751818
29573,12,58,0.5056803311512889
29579,34,31,
29580,10,62,0.5180087613372962
29641,62,77,
29681,49,15,0.5109518589841775
29691,91,66,0.517951393831038
29694,66,98,0.5180163140078833
29731,92,34,0.4837353599688416
29738,41,23,
29761,75,24,0.5165288596618371
29770,4,1,0.5067202937711544
29771,86,6,0.4981203988557578
29776,3,31,0.4922562400073775
29803,48,28,
29806,16,85,0.5077686976145892
29818,12,98,0.4825289651078148
29825,52,99,0.5074446498719098
29936,81,17,0.5184986217224353
29979,84,65,0.48279132157670906
29987,35,40,0.4998233134143434
29988,74,7,0.5179198125334623
29990,6,60,0.5027892268747742
30016,61,73,
30029,99,12,0.49139074014188894
30052,6,66,0.5129394710986177
30074,11,2,0.48199433528525765
30111,29,59,
30133,78,62,0.5020724832496346
30150,24,47,0.4992476834158954
30167,55,40,
30182,51,42,
30193,67,92,0.4972640635230345
30203,82,5,0.5040346286870216
30207,32,66,
30212,0,89,0.5021995270889102
30264,15,47,0.514197727346124
30270,69,47,
30276,97,42,0.5091024588713837
30280,3,52,0.5024182160790946
30288,7,44,
30304,46,23,0.48191284329736855
30306,67,93,0.5002285435618635
30312,79,68,0.48849190829032046
30368,64,13,0.4820352155054349
30427,20,88,0.48682581080293374
30468,48,52,
30504,68,82,
30535,93,11,0.48682723980429027
30549,76,7,0.4890702995825991
30552,10,59,0.5106524451767993
30572,32,39,0.4937945503476321
30581,78,18,0.4817959895700362
30624,39,88,0.5180127806149222
30637,35,91,0.48167280944096136
30661,95,47,0.5124973518675705
30687,63,89,0.5185180582959547
30696,65,91,0.48664928246089695
30702,48,59,
30725,9,47,0.5161027864090033
30751,72,32,0.5184778033522721
30790,54,66,
30797,23,28,0.48240069713774525
30799,7,78,0.5097284949028962
30802,67,4,0.4841761198841095
30848,63,51,
30925,96,84,0.5185179517197405
31019,92,14,0.5024373651466434
31070,18,18,0.48655048163150433
31093,81,60,0.5039067269209774
31094,82,29,0.5175340749278409
31103,55,30,0.4966599580047623
31122,14,73,0.5179198125334623
31145,45,95,0.4909604812299244
31195,0,65,0.5181676239355459
31216,72,33,0.4827853195209278
31227,4,93,0.4839148276151078
31237,27,38,0.5127904408669441
31262,35,24,
31306,46,31,
31315,5,34,0.4914159524810948
31319,28,90,0.49725099319185334
31348,75,40,0.5126776522201022
31375,5,62,0.5046103449443899
31412,6,38,
31462,74,2,0.4896781961407848
31472,62,59,
31580,24,10,0.48775044875494333
31608,70,13,0.4824044967438986
31616,67,84,
31644,90,61,0.5054555779722237
31768,54,97,0.4851410025944053
31778,37,41,
31791,91,95,0.4837826446359467
31859,82,56,0.4818413075346247
31920,45,42,
31939,70,79,
31945,7,8,0.5045985286132222
31986,74,4,0.48478195313961897
31991,26,3,0.48346107947437134
32001,74,20,0.491402443344714
32026,49,32,
32030,80,67,0.5119396317339765
32120,12,50,0.5182350887726901
32143,67,96,0.48356702184401096
32144,81,54,0.508881339741837
32226,15,32,0.4829194869982604
32243,99,29,0.4999654411751554
32332,61,44,
32396,15,12,0.4987011744981529
32409,41,13,0.481493124514976
32414,70,64,0.4947135341049636
32430,78,60,0.4830776536827217
32431,89,27,0.5110718513619235
32437,83,55,0.5146783250668765
32452,15,31,0.5119637047361234
32482,75,47,0.4930833013533852
32559,61,14,0.5035226804674674
32582,94,26,0.5109698861608076
32611,0,90,0.5137214385291804
32627,20,69,0.49629107661181326
32637,70,5,0.4837280743859072
32660,13,25,0.4961280736454878
32682,6,45,0.5107890583017547
32690,74,93,0.4991168638180382
32765,1,41,0.517960099045532
32778,76,2,0.4894942595741917
32781,96,79,0.4972721074966353
32782,27,44,0.503518688153691
32790,41,66,
32810,48,27,0.49505218205517115
32811,65,24,0.5112550078331615
32825,9,6,0.5179613372356655
32839,43,52,
32854,52,84,
32869,23,69,0.507762237175805
32892,71,31,0.5082320687389394
32919,29,1,0.49504532478805896
32937,69,9,0.5155276974889168
33001,60,60,
33006,9,85,0.48398164582415043
33039,46,32,
33058,51,99,0.5149068011969119
33114,45,74,
33265,87,99,0.4845519013686685
33306,42,37,
33317,53,90,0.4861483879557554
33336,10,63,0.49998679017726333
33557,62,7,0.49593165607877376
33567,61,86,0.48978802177524855
33585,96,56,0.5039136828127349
33586,63,71,
33628,41,85,
33652,40,54,
33670,19,36,0.5183959190718924
33693,26,69,0.4816747089470715
33716,75,81,
33729,22,64,0.48409545927554226
33732,43,14,0.5104848132419275
33768,47,66,
33769,91,2,0.5155337882751765
33794,65,0,0.5181676239355459
33866,1,8,0.5056696863731207
33877,29,97,0.5087742716769034
33889,63,91,0.4832810064689083
33894,66,36,
33903,92,4,0.48265428673378385
33905,12,53,0.4968649609103682
33917,6,52,0.5177152666956394
33973,65,45,
34045,38,38,
34048,89,94,0.49617879042142093
34081,34,41,0.48148708768210635
34089,32,34,
34104,63,24,0.5153214752376684
34108,0,68,0.49140604521136794
34109,52,13,0.49870928755516714
34112,26,2,0.4860504504774122
34201,64,88,0.5139762737688938
34210,98,66,0.5180163140078833
34257,75,61,0.48151139659803294
34280,12,79,0.48199909803615726
34294,48,62,
34343,81,85,0.5132914089156659
34445,29,69,
34502,46,52,
34522,96,15,0.5166342317955213
34549,67,16,0.4877405402755073
34565,82,1,0.496511272068459
34587,88,3,0.5016956491055435
34616,55,87,
34729,4,45,0.5153169056955957
34742,28,83,0.5035346563889184
34807,21,90,0.511557419507635
34834,53,65,
34900,36,86,0.5016986861305749
34924,7,89,0.5038997704520395
34941,2,82,0.4845709897212013
34943,25,32,0.48158367002764857
34956,76,48,0.4879119910478716
34960,11,70,0.48278382108200835
34968,82,41,0.48615378724290764
34995,85,7,0.4836216321197193
35027,0,84,0.5100453451520741
35035,15,42,0.4906124992287264
35038,31,54,
35197,67,49,
35247,9,37,
35258,86,68,0.5149697715672015
35275,2,6,0.4990711707087432
35320,34,28,
35322,0,97,0.5169474506936647
35330,8,48,0.5031520832780296
35336,69,83,
35357,68,58,
35438,68,25,0.5016875501473667
35472,25,21,0.4902914211326274
35483,10,92,0.5046251125442885
35495,51,97,0.4816716451536319
35533,14,41,
35546,87,65,0.5183681342726039
35551,22,43,0.5152035629396233
35567,71,26,0.5162884112186347
35571,83,96,0.5151779797482299
35667,84,2,0.5156074239602066
35673,27,39,0.4834587934434104
35675,89,7,0.5038997704520395
35691,1,9,0.4883192551761414
35717,88,95,0.4819395942450629
35718,45,6,0.5107890583017547
35748,44,4,0.511829072042302
35761,30,77,0.5058250924582767
35786,79,43,0.4988592263547991
35828,4,43,0.5172244179646529
35829,92,42,0.4821239876447546
35888,3,88,0.5016956491055435
35915,58,35,0.48876923923143506
35946,41,18,0.4902940183911696
35950,15,21,0.49907320139529293
35952,28,56,
35960,82,38,0.5135599972513436
35967,74,30,0.4816742697710635
35981,65,19,0.5179190430497608
36056,24,55,0.5154104444169217
36063,95,41,0.5014507139132742
36085,60,14,0.4990833549951313
36117,17,23,0.5044153141798766
36120,53,82,
36189,50,47,
36205,14,11,0.4814817149651851
36210,68,30,0.48521768640613794
36242,32,67,
36305,16,41,0.48345925054989897
36341,50,41,
36348,55,64,
36412,75,10,0.48380083810528496
36419,70,20,0.4827042102262243
36426,65,14,0.5079020839634821
36438,65,31,0.49011645479070887
36523,57,71,
36524,91,11,0.4940036138539042
36527,46,29,
36562,43,49,
36624,41,17,0.5183960358345988
36693,29,42,0.5178650954909048
36699,78,77,0.5095193445003416
36727,26,46,0.5065382227300469
36787,62,5,0.5046103449443899
36864,80,60,0.4995958163253758
36866,12,28,0.5170082655751796
36914,74,45,0.5169998097445345
36941,55,73,
36947,94,84,0.4913736433501895
37016,11,33,0.48761622493070755
37056,95,36,0.5002193946507743
37061,26,66,0.4994588139706313
37062,57,73,
37081,89,32,0.5182603393234217
37113,23,55,0.4906168811636764
37131,21,19,0.5040534782640306
37184,76,22,0.4999796738398296
37191,86,97,0.4950953015667639
37218,7,52,0.4985057223227427
37245,11,76,0.5122335445364883
37268,68,59,
37306,63,79,
37321,98,49,0.4906405558202699
37325,18,89,0.4839801156623253
37356,83,44,0.48240830398608775
37373,25,38,0.48906045390716074
37387,46,78,
37388,34,9,0.5074111246521861
37390,44,84,
37391,45,43,
37409,92,15,0.516354120526126
37441,29,95,0.5153311757013168
37458,88,79,0.5183672278167539
37465,70,34,0.4820897242020485
37467,58,22,0.5183967352465921
37527,72,7,0.5020573290451255
37575,28,75,0.518123634087827
37600,77,8,0.5138151275351003
37624,71,19,0.5053312800129826
37626,23,90,0.4901069996569724
37663,82,64,0.49010098463195056
37770,8,15,0.5005584734242052
37808,88,18,0.5142094690798458
37825,14,28,0.4937993397995775
37846,38,13,0.5011093291147215
37878,21,89,0.5051100578172777
38014,72,79,
38024,44,69,
38086,29,14,0.4886076071854562
38094,35,48,
38112,97,74,0.5155937299804665
38135,4,16,0.5061968407762728
38169,13,99,0.4861504123753382
38194,53,70,
38230,67,5,0.48173244981272717
38249,68,48,
38350,31,97,0.49377061010837564
38372,31,83,0.49342946208550537
38382,67,50,
38436,82,81,0.4843571218127991
38446,8,95,0.5185168477244249
38448,58,7,0.48641442566053505
38517,74,82,
38534,35,59,
38536,0,12,0.5033270542997667
38564,17,5,0.5070662086092499
38583,67,85,
38588,39,10,0.4987052309954515
38619,64,35,
38643,23,20,0.4870729106690737
38649,75,21,0.509535907694225
38661,10,84,0.5166918057345078
38668,65,35,
38714,58,11,0.5123951213597695
38766,10,55,0.48284318332667575
38787,19,87,0.49519714404857856
38810,21,52,0.4926019332315428
38862,62,95,0.4814985327163561
38864,53,41,
38871,5,67,0.48173244981272717
38876,11,74,0.4825745376051354
38908,68,80,
38944,81,3,0.4829261717208
38968,64,76,
38997,0,57,0.5095437497977388
39032,7,88,0.4992314312156526
39035,17,43,0.48245582431124817
39039,43,67,
39047,76,78,
39107,48,0,0.5046054217159445
39167,39,28,
39185,19,94,0.49725199855229973
39201,73,54,0.4839801156623253
39202,6,30,0.4829190942425097
39210,12,34,0.5011103439074507
39260,14,3,0.48165131924271504
39295,54,53,
39310,60,41,
39320,11,36,
39327,40,68,
39337,4,35,0.5170078634290817
39352,91,45,0.49239206158404214
39376,50,93,0.49041621723904305
39387,74,41,0.48763059315239204
39457,17,21,0.4975928839008254
39474,23,42,0.4853458946860469
39587,94,63,0.48149441992936265
39602,23,65,0.4834551383861865
39664,58,4,0.5084252953042641
39700,84,7,0.4854413879595021
39723,87,28,0.5113683453841608
39728,41,46,
39731,95,82,0.5161243297799866
39738,26,21,0.4901276336859788
39743,48,24,0.4915928284307458
39801,29,80,0.5124041823618908
39808,63,22,0.5085678413464286
39815,95,60,0.49518241817563
39821,82,87,0.5047331219377459
39830,93,25,0.5183183582177204
39875,19,46,0.51685572435875
39881,87,37,0.5156041400851976
39892,14,83,0.5110759254863756
39895,35,90,0.4943593678110797
39899,88,50,0.4822246393780427
39917,40,56,
39956,44,88,
39971,14,35,0.49666795790801294
39996,34,71,
40026,21,97,0.5155365549420452
40048,94,0,0.4983580249863075
40082,11,19,0.49667095803751865
40091,95,19,0.5185181142855076
40132,21,3,0.49594256643901913
40157,43,45,
40191,64,9,0.5183506109510595
40194,51,53,
40207,48,77,
40211,49,27,0.4999898400368319
40266,16,40,0.5134551201828075
40269,38,71,
40280,91,86,0.48311995368618177
40299,40,77,
40301,77,83,
40319,44,57,
40353,96,35,0.5025600637416289
40397,93,23,0.5178594624835056
40399,10,32,0.4970352319339145
40429,69,67,
40449,56,57,
40478,1,40,0.48150013878274356
40516,3,3,0.4872044263183556
40539,79,56,0.5172333637532056
40547,15,81,0.5183701959858874
40567,80,81,0.5029196137315078
40583,9,17,0.4941527293018433
40609,51,21,0.5020502566049699
40737,77,24,0.5184493594565565
40738,10,57,0.48544893057007543
40757,28,33,0.48284471425191666
40783,5,19,0.4945065584228812
40803,5,45,0.5180904352151
40812,35,25,
40819,13,91,0.4929601238150322
40829,66,53,
40853,39,73,
40865,51,26,0.515524927077718
40904,42,16,0.5152041433454102
40909,19,57,0.5104806229392155
40917,48,91,0.5058135110057419
40978,8,79,0.48252526058263856
41028,39,72,
41036,17,47,0.5131984703818457
41063,64,19,0.4836259039422272
41094,59,12,0.48428742832741584
41121,43,29,
41166,34,17,
41296,18,65,0.5104781083785497
41331,47,45,
41348,87,12,0.49738156399747807
41420,61,60,
41528,67,48,
41534,91,6,0.5151166848492681
41575,16,81,0.4823358059804463
41614,7,26,0.5161002755400066
41632,16,31,0.4832203825349987
41671,39,85,0.5127749936715338
41675,50,66,
41678,3,55,0.49776515963681534
41712,89,46,0.5172779388358084
41754,69,61,
42026,13,8,0.49814366185517606
42048,56,98,0.517828797328427
42070,6,1,0.5174192725475041
42080,44,39,
42103,69,92,0.4912929597036215
42203,85,92,0.5078689694889124
42217,95,92,0.4920336277233456
42297,7,1,0.4877519736902778
42338,17,96,0.5159279383074059
42376,74,78,
42491,63,99,0.5130299354524859
42530,57,62,
42568,17,88,0.5047527761561471
42573,99,50,0.5145195864243403
42610,2,10,0.49759086792520435
42688,43,11,0.5183960358345988
42712,84,44,0.48222578023526447
42781,34,27,
42782,15,74,0.5164619547291127
42869,28,72,0.5172826902982792
43028,33,89,0.4835599969304448
43031,13,1,0.5100265486966262
43052,95,50,0.5013373715484929
43058,63,55,
43118,15,2,0.5184157015480947
43121,71,78,
43125,29,81,0.48521401314785
43155,65,53,
43229,18,77,0.4927446034156293
43239,57,23,0.48655747195498894
43311,64,17,0.5170875872019629
43387,15,16,0.4961270795010021
43464,36,37,
43471,1,30,0.5137057251882041
43491,52,14,0.5162840562041638
43494,73,23,0.5051178745147388
43548,31,44,0.5018462353457149
43566,72,61,0.48191721709369806
43596,92,6,0.5060483120098279
43607,92,49,0.48849190829032046
43620,92,47,0.4922848787474206
43646,22,73,0.5151119855715511
43678,17,61,0.5165320674306139
43687,18,37,0.5029557486168832
43717,82,37,0.5174901744837417
43740,59,22,0.5024222476811476
43801,22,17,0.5155204919868978
43847,89,51,0.5028113353301847
43862,31,43,0.49275489353595564
43869,70,3,0.4839087861048213
43871,25,91,0.5151913638363064
43881,21,17,0.4975928839008254
43943,51,73,
43946,89,12,0.5054672348218998
44070,68,96,0.4815450645803251
44082,72,85,
44106,70,47,0.48848235296647596
44181,0,15,0.5020411630229302
44218,65,38,
44261,38,12,0.5075727134859062
44279,19,8,0.5025922792566053
44291,68,7,0.513461405088758
44294,94,5,0.5049850467738956
44374,32,77,0.5164638168355213
44390,85,69,0.5183997429666685
44402,96,18,0.48470427932552074
44433,24,37,0.5164563636475944
44462,24,14,0.4895076586779877
44494,44,90,0.4814865274105794
44508,26,84,0.5178243925292189
44530,63,69,
44574,40,85,
44591,81,70,0.5028143498027858
44627,83,99,0.5178529956964704
44664,18,34,0.4822326433747542
44671,42,28,
44674,32,84,0.4879119910478716
44699,9,64,0.5183506109510595
44716,19,5,0.4945065584228812
44766,95,80,0.49800937836348996
44835,32,2,0.4948606471350036
44844,94,52,0.5061623402706934
44858,88,30,0.5028053061568369
44940,64,30,0.48148383706442477
45060,58,62,
45118,34,82,0.5082266043870077
45174,92,35,0.4866556247353757
45176,49,96,0.4814987075997538
45252,74,99,0.48153772998934624
45359,56,97,0.49341520715382725
45429,16,49,0.4962990451416904
45445,51,34,
45491,45,72,
45508,77,45,0.5042623156012416
45538,51,86,
45565,89,93,0.4830867497985539
45679,1,52,0.4973976675047596
45732,52,4,0.4950512024007818
45735,0,82,0.5101636005376918
45785,33,80,0.49240040429858434
45842,10,9,0.5182650544513133
45846,95,14,0.5032980478255579
45926,80,86,0.499487267802012
45935,99,63,0.5130299354524859
45938,50,0,0.5185182498398947
45960,43,26,
46010,13,92,0.4842960427810023
46047,61,29,0.48194839990993066
