,x,y,value
28,68,6,0.41103070022677457
52,30,33,
71,17,80,0.4046270354519889
137,60,21,0.5820984710335142
267,94,46,0.5969193568084299
270,28,67,
292,76,46,0.5973990867797296
304,33,10,0.4049164174143994
337,62,29,0.44665931939474046
380,18,51,0.5598134080079008
401,94,3,0.574301233660661
411,96,84,0.43737880040434546
418,69,70,
460,51,79,
486,48,45,
490,61,0,0.4005319589779056
507,23,31,0.576838981750616
531,66,89,0.40364412453217335
575,59,14,0.42360706157468947
589,60,39,
677,77,75,0.5533497102012351
740,74,72,0.5961819485880645
752,13,96,0.5996936910942401
764,78,64,0.5859314999082742
804,10,22,0.5056691120148916
807,55,30,0.47595822789441056
857,28,71,0.519862616603219
885,32,74,0.4148605971783383
927,1,16,0.47831162519889164
946,86,51,0.4101537115355914
1003,54,93,0.5401518185701114
1024,17,82,0.5241702945320516
1035,93,3,0.4763834445305888
1099,55,81,
1104,62,28,0.5868414457382634
1124,41,25,
1136,3,8,0.4000025153680623
1162,33,72,
1195,12,17,0.58233673151581
1205,10,56,0.4732051040692435
1237,98,8,0.4063411995745316
1262,19,6,0.5516210671098017
1278,6,35,0.5906031403774896
1302,17,49,0.4083635289447232
1427,64,6,0.48001808234693616
1525,62,91,0.4511299412002522
1575,45,55,
1581,28,70,0.4326449121593996
1585,77,34,0.46418984431691
1610,84,91,0.42671047655254185
1635,33,44,0.5283243093985727
1640,26,0,0.44165979674839767
1653,23,55,0.4505441228173779
1732,90,59,0.5614032956877302
1746,45,30,
1805,15,74,0.5113093911143417
1818,7,55,0.4028514677282626
1831,97,60,0.40017115358831823
1836,98,46,0.5019389781582956
1853,49,26,0.4852310527837272
1883,64,60,
1888,71,51,0.42078172461030733
1934,19,40,0.454694031886603
1947,56,14,0.48917669164001965
2044,60,25,0.5730595743909911
2055,22,53,0.47836165367496664
2145,47,54,
2146,76,97,0.4966840687950263
2161,94,91,0.5994807310135061
2218,75,76,
2232,81,38,0.42296592958016554
2295,33,23,
2331,29,13,0.5992854779754605
2425,81,99,0.47416103891387024
2444,27,77,0.552977137725159
2465,93,13,0.4117974858547541
2508,70,45,0.41852331493032435
2539,50,45,
2541,33,62,
2552,61,28,0.4353575064346655
2553,11,77,0.44567126401802143
2582,98,53,0.4977856034188151
2607,31,8,0.5883800017334315
2639,56,74,
2656,68,7,0.5834828459330743
2781,19,80,0.5983251865724867
2797,9,80,0.48658419293726457
2830,78,23,0.5996014540553769
2885,8,67,0.4293671295733532
2927,38,9,0.4366505884382077
2960,49,20,0.41839966709197823
2965,85,41,0.42389032404887383
2977,17,31,0.5958975668357096
3025,81,76,0.46360033605615997
3027,98,30,0.4987357394246714
3040,63,15,0.4000991195901192
3119,73,3,0.599399783640113
3142,33,2,0.4011538063118789
3166,31,82,0.5982575783140073
3292,73,11,0.45711092339662895
3293,67,14,0.44665931939474046
3311,33,96,0.5830142802725172
3366,54,92,0.5072375922872774
3383,45,49,
3462,28,5,0.4342434948436988
3467,5,82,0.5202224835865638
3495,67,39,
3548,50,34,
3584,45,59,
3618,92,6,0.40297632831175284
3627,84,88,0.584977735633513
3632,21,4,0.4200408605333572
3643,79,11,0.5892792428517808
3654,54,13,0.40746866495684125
3660,70,91,0.5958130017558568
3662,51,93,0.41499527439881506
3670,19,27,0.44861508792418087
3687,90,64,0.4033425869638476
3716,36,97,0.5678884539066494
3728,23,17,0.5902502785999377
3798,49,65,
3800,22,78,0.537065042272546
3803,3,85,0.599936800416552
3951,22,13,0.41008631994210176
3987,11,83,0.4192993770252826
4058,78,51,0.41664671474636844
4089,16,25,0.5744440113252173
4091,48,82,
4170,28,7,0.5687678715725808
4199,88,42,0.4894400032753677
4231,24,34,0.433485831788125
4236,1,29,0.40807189491111784
4265,52,50,
4301,32,9,0.48284460466440576
4355,17,45,0.5502076178023343
4386,19,17,0.4254947185453701
4501,22,77,0.5698638057362846
4628,38,86,0.40182880868556975
4695,83,70,0.4117824203631223
4721,7,11,0.4973479040918074
4745,55,20,0.40960949590765766
4749,37,35,
4758,58,3,0.43608387635650836
4781,67,8,0.4293671295733532
4794,54,18,0.42910006794145916
4812,77,97,0.44197588506114216
4900,55,86,
4967,63,21,0.5916774670178353
4982,40,38,
4990,56,91,0.5140123546799596
5056,98,66,0.539777905099527
5137,56,89,
5171,34,51,
5188,15,36,0.4831560790603142
5199,10,99,0.41845895445933573
5210,24,61,0.4358018119818977
5255,93,41,0.45180021220095523
5300,42,77,
5341,66,53,
5344,32,86,0.5785726916681145
5370,12,77,0.5735592189116181
5385,52,18,0.5994960539812227
5390,4,37,0.400764035596235
5412,82,59,0.5585394845491817
5450,52,17,0.4041955832770298
5458,92,96,0.4626218172043826
5525,28,25,0.598651710293233
5527,58,48,
5545,84,66,0.4125034754004924
5557,42,19,0.4674489504299818
5558,58,13,0.44147781550446963
5570,36,83,0.4623387149901272
5583,85,48,0.5948440360399704
5596,31,84,0.5621823413677387
5630,41,28,
5631,30,84,0.4399899890989948
5632,78,45,0.49914362146607605
5800,66,38,
5829,69,34,
5832,64,69,
5850,9,41,
5880,2,75,0.5008777115547278
5896,42,31,
5899,71,29,0.5285392997519321
5906,70,1,0.5195024816250033
5909,81,1,0.5385281619966147
5924,20,91,0.40023458945166296
5925,54,19,0.4244625690315575
6029,67,40,
6091,26,85,0.4016047376868516
6115,42,57,
6143,44,33,
6229,76,64,0.5012044295004983
6262,14,69,0.5912151544057442
6283,16,74,0.42685735723499385
6291,29,27,0.4023461053593531
6322,83,39,0.5378492023370695
6325,65,64,
6363,74,29,0.5805376405227637
6377,86,12,0.5297404922218291
6402,86,50,0.5028656113609093
6541,62,99,0.41478113587249377
6678,9,93,0.511604248356579
6706,52,60,
6746,48,85,
6749,16,96,0.4013887886899642
6765,31,54,
6772,15,37,0.5984493108397339
6774,53,38,
6789,45,98,0.5676182932165216
6867,21,48,0.40558816705469114
6874,95,12,0.40412001368874484
6912,81,7,0.5459046807438884
6935,26,74,0.4961953046423812
6961,47,9,0.4463147338535195
6973,95,78,0.46462889258560086
6984,63,20,0.5543807110902115
6998,2,12,0.5269224577352328
7016,23,19,0.4051756161064938
7053,32,35,
7071,23,34,0.4408836993267667
7100,32,24,
7144,91,79,0.5692485215971387
7176,0,38,0.40622349823013243
7192,69,93,0.5999458646581493
7198,27,59,
7208,60,5,0.4035172535355151
7254,25,33,0.4000369540550585
7269,30,50,
7294,79,69,0.40025810634222825
7334,11,73,0.45711092339662895
7423,31,92,0.5368566766772482
7438,76,63,0.4228028039698336
7462,93,32,0.5843652997988708
7479,14,29,0.4550217957578764
7504,48,30,
7550,44,14,0.41596534732833945
7656,85,93,0.4537427779505927
7671,19,2,0.40006283363784134
7716,91,63,0.5579162319943458
7723,89,34,0.4432789854108687
7741,24,18,0.4955636923311153
7747,39,96,0.5244188448810897
7768,77,44,0.48819423540388046
7770,9,69,0.5414367465001868
7802,1,47,0.4661978704714057
7816,62,77,
7819,76,85,
7844,48,34,
7942,9,66,0.5063917731797184
7947,26,9,0.4086019609374401
7957,20,72,0.4111990036311367
7983,29,58,
7986,73,45,0.40140730004757064
7995,36,3,0.5510345640471879
8004,44,23,0.46248117616375606
8021,61,25,0.42648274436274763
8058,75,67,0.5136168809776386
8080,53,34,
8164,78,21,0.5447224604306178
8199,89,91,0.4129013864240814
8218,19,14,0.40418090787209965
8244,48,23,0.4961547496135676
8266,7,34,0.5180593590004642
8267,11,72,0.584816342794456
8279,24,92,0.43780258599828725
8282,58,54,
8389,58,21,0.503926371011187
8426,36,5,0.5513061236109047
8433,32,88,0.5951212312756865
8461,48,64,
8491,82,80,0.42889251317714816
8506,66,86,
8537,99,4,0.5688794050914222
8559,97,88,0.48377104084709205
8584,11,0,0.4002760390449042
8590,43,61,
8599,0,47,0.41102583350312955
8611,34,31,
8647,81,65,0.5956954079012619
8707,39,20,
8726,34,19,
8741,45,66,
8791,88,21,0.4623387149901272
8797,13,35,0.5861968250228092
8800,39,29,
8821,24,38,0.4763045789168293
8823,95,17,0.517216392820291
8838,26,70,0.4150538405045888
8847,27,27,0.5116339697317549
8865,28,75,0.525386823715475
8930,33,68,
8941,58,28,0.5956718177796052
9052,2,20,0.5935188669092791
9069,83,96,0.546175800127363
9109,38,38,
9197,39,83,0.5378492023370695
9208,76,21,0.5549957564299739
9272,72,5,0.5751076179691149
9367,91,64,0.40034593570975757
9397,69,62,
9425,48,29,
9467,8,91,0.4196933524617786
9531,7,16,0.4863218046464425
9543,20,18,0.4352484092130295
9557,31,90,0.4546026871774803
9696,0,79,0.4484484808924542
9705,53,15,0.4359509228028441
9730,35,19,
9739,51,61,
9741,54,46,
9793,74,36,0.5999431609920302
9796,57,12,0.5135470255584051
9864,6,70,0.49939778368453686
9930,66,7,0.41291710388751385
9957,41,27,
10043,8,79,0.44237490172952537
10063,71,50,0.5908474554305854
10099,14,78,0.5763143263420185
10116,84,64,0.5896437647458432
10119,42,41,
10135,89,63,0.4992866925818224
10297,26,82,0.5873825578116469
10300,86,6,0.4115392025743786
10319,16,50,0.4115531611801655
10361,40,63,
10402,72,64,0.41188417570298175
10412,90,57,0.42970659823192653
10418,23,51,0.42434931661449604
10459,66,33,0.5979515871740202
10475,20,26,0.5712514757140448
10502,45,76,
10544,14,45,0.45255232037366505
10546,80,95,0.5365229757033971
10578,80,47,0.5981886443230757
10584,60,73,
10605,8,86,0.5572492533145742
10608,91,14,0.45972695684611914
10653,78,75,0.5168144361592644
10654,94,96,0.5969445494566612
10686,6,18,0.557333256467691
10796,70,2,0.41656775516803907
10834,59,59,
10854,65,77,
10860,48,33,
10877,38,43,0.47836165367496664
10883,57,50,
10893,80,14,0.4244891701618661
10894,53,88,
10938,73,8,0.580319363352502
10939,89,52,0.4003778814909216
10976,23,84,0.5986080226748812
10988,39,53,
11008,38,50,
11035,78,46,0.4315880376161148
11036,82,84,0.575550065208921
11085,90,50,0.48254379854974233
11120,60,68,
11144,28,50,0.481128397305343
11151,43,42,
11167,61,47,
11196,96,38,0.5961819485880645
11199,12,8,0.5985444711653728
11221,60,17,0.598353089175982
11256,15,18,0.47555215049837424
11272,80,25,0.40347695280070583
11297,1,32,0.5883800017334315
11310,54,16,0.5989680139360115
11439,45,44,
11459,99,33,0.5394485329940812
11496,50,85,
11517,67,96,0.5433957723388211
11571,24,12,0.4060511266073847
11585,41,10,0.42859137292083493
11608,48,21,0.40558816705469114
11733,50,18,0.5431744028296349
11798,56,24,0.5872180052020994
11808,23,48,0.4961547496135676
11809,26,46,0.5519699919139871
11836,73,73,
11839,9,89,0.5299157918693982
11845,56,93,0.44657265467358476
11968,27,81,0.5550546311723149
12022,82,70,0.5181202437422846
12033,93,26,0.5023467894660553
12093,20,89,0.5778152726843396
12142,37,6,0.577680948278908
12145,57,55,
12159,89,95,0.47967918129454873
12175,55,64,
12177,63,50,
12187,69,55,
12193,22,32,0.5060358027354174
12225,80,61,0.5719417868920378
12239,83,46,0.5462666858177718
12254,37,45,0.5965068589136814
12277,32,63,
12355,51,29,0.5983177818064838
12358,79,19,0.5998185921979314
12378,2,37,0.51031578430194
12406,45,96,0.557131885697374
12516,67,37,
12612,62,38,
12615,52,77,
12635,29,21,0.4238709175681941
12647,78,42,0.5677236325606607
12648,5,47,0.5376039422928526
12680,24,58,0.512414152317866
12716,54,68,
12754,35,52,
12759,17,52,0.4041955832770298
12796,19,73,0.49637883824006945
12801,16,83,0.5892474586768264
12809,20,86,0.5924379490423094
12836,14,81,0.5944890113311632
12864,35,21,
12869,98,32,0.47038596956981965
12894,57,6,0.40504687786538174
12933,46,99,0.5942830337879336
12937,56,18,0.5806703622452485
12949,15,47,0.46830848852397355
13019,64,30,0.40045794952411273
13032,69,94,0.41931826790824483
13052,94,11,0.5389042550170888
13080,81,18,0.41207777458012995
13150,95,16,0.5582412857677768
13180,29,25,0.42062038128172025
13188,0,40,0.4419585213209279
13211,83,13,0.4243688899064743
13227,17,42,0.5207910420322779
13244,90,68,0.4195650403253413
13249,89,59,0.4775263514808327
13265,51,31,
13300,10,19,0.4008100244841581
13312,34,88,0.5089659814032428
13329,48,79,
13340,18,60,0.4068397733768748
13388,36,34,
13392,83,15,0.4028443770960433
13399,95,51,0.4573503091241843
13405,69,0,0.5817654198885737
13447,48,44,
13483,6,67,0.595221533574674
13485,59,21,0.5807787613305456
13489,62,17,0.5997411401144281
13507,87,0,0.4384114799188638
13516,94,44,0.4943607766420245
13642,80,3,0.525386823715475
13644,99,9,0.40353581313835335
13661,62,18,0.40341857783693824
13683,92,99,0.41575642816888114
13694,18,50,0.5431744028296349
13791,43,76,
13797,87,16,0.5839686060780059
13814,62,24,0.43637502728334226
13816,48,2,0.5246652405348918
13856,60,1,0.5953330808453406
13873,22,15,0.4122042507518349
13898,63,57,
13901,59,4,0.5845071879468351
13906,69,4,0.5116742779101814
13965,5,94,0.5234567895426424
13973,97,14,0.4002604077943307
13985,92,22,0.5008371283183041
14025,52,20,0.41200970172406465
14033,85,69,0.48308658189720505
14041,61,7,0.5150413726055747
14068,77,69,0.5897250062459198
14144,38,51,
14149,8,46,0.41183576214158824
14226,93,36,0.4000183081355271
14233,68,58,
14293,90,51,0.5953020859273143
14322,99,64,0.5122933307858951
14336,53,98,0.4977856034188151
14357,3,13,0.5845288797280549
14383,20,57,0.5974726010693843
14388,53,27,0.5999782446287072
14406,79,97,0.5912020418025787
14427,23,56,0.4339287251557438
14479,18,52,0.5994960539812227
14482,17,56,0.40960949590765766
14581,53,77,
14673,27,23,0.5734274423029112
14711,15,11,0.4338982661256184
14871,59,75,
14902,38,2,0.4013118505761929
14913,19,77,0.41687276292155584
14937,26,1,0.5880582034843457
14979,64,62,
14990,86,15,0.4773869589307934
14997,26,47,0.4543668793025693
15033,45,64,
15048,10,71,0.4790794673908066
15125,69,99,0.46569986407934694
15163,68,12,0.5286866083801051
15171,2,98,0.4556236544090229
15233,20,3,0.41542210264928364
15298,83,64,0.5766431638697352
15344,63,67,
15410,19,76,0.5323288601084485
15423,43,90,0.41402158257040866
15440,59,20,0.5347991218837171
15501,62,78,
15529,22,63,0.4092079781900261
15532,10,50,0.5219072399447198
15552,5,96,0.598626433433618
15589,46,27,
15600,72,57,0.415172376946717
15774,71,88,
15792,24,46,0.5783635402746533
15796,48,13,0.5604413607945398
15816,48,83,
15844,28,90,0.40815617168058677
15846,55,67,
15868,60,66,
15903,67,97,0.5968303809794248
15937,39,6,0.5994153344590052
15938,31,30,
15971,86,69,0.5997738222598739
15988,99,81,0.47416103891387024
15998,72,47,0.5987451154702066
16027,42,75,
16090,10,62,0.559821951090962
16129,18,68,0.40001026909424076
16142,64,88,0.5183092903503138
16168,57,35,0.4995814415296274
16180,14,40,
16197,97,8,0.5291751770893739
16205,80,87,0.49988685478085376
16224,8,15,0.593616076877269
16290,55,6,0.5939978044698045
16325,26,40,0.40535201467138565
16335,47,93,0.40148179242314047
16352,7,44,
16354,14,73,0.4240831824909778
16362,55,43,
16365,48,19,0.5317786072206476
16402,77,96,0.408797126624926
16428,21,32,0.5705390866478576
16459,49,57,
16470,48,40,
16525,93,9,0.511604248356579
16588,27,8,0.4650767824911351
16615,61,60,
16627,88,88,0.5087916152490282
16695,62,40,
16745,81,36,0.40864359543012324
16760,86,92,0.5752498136415772
16966,59,73,
16972,74,13,0.5875058625027714
16984,62,46,
16992,3,42,0.4033136382518334
17002,73,39,0.577326039216987
17090,97,54,0.40613850314338196
17109,45,0,0.436690247755913
17111,96,80,0.5675820469902851
17132,26,87,0.40401631147029504
17145,91,84,0.42671047655254185
17148,99,31,0.4055649503614984
17167,23,3,0.46137729230845176
17169,97,42,0.5030811582596363
17171,96,22,0.5218072272931025
17196,35,45,0.5873077019311672
17267,19,16,0.4618012202122184
17268,62,41,
17320,23,69,0.598180946612017
17424,36,68,
17426,56,65,
17464,72,89,0.4005434639824305
17474,19,51,0.5542175323890073
17477,97,94,0.5429797940714599
17512,17,93,0.5959060456745782
17518,45,52,
17561,4,70,0.5534183459040194
17584,65,38,
17594,87,81,0.5373306593997751
17601,56,39,
17606,38,40,
17625,18,26,0.4612079486342212
17669,60,51,
17720,86,99,0.4310184442085068
17724,51,12,0.40558816705469114
17745,59,81,
17779,11,70,0.500723980291111
17787,71,91,0.5334844134186171
17798,72,82,
17841,25,6,0.4163880789988047
17867,48,95,0.5972801767946496
17927,70,70,
17944,71,63,0.4013584525598365
18109,5,62,0.4069778268678699
18130,29,51,
18137,87,25,0.4978175777119858
18185,71,60,0.462235824474242
18203,38,64,
18220,31,37,0.552126814123692
18222,92,72,0.4193473376504993
18273,83,58,0.5517526752287913
18279,1,68,0.5787296599772311
18297,84,39,0.4304946259780156
18327,44,38,
18343,3,51,0.5877763250178245
18400,53,97,0.4000793096561321
18402,18,8,0.48659475731452917
18470,68,95,0.45176465695389584
18490,93,95,0.46178341833419334
18493,35,83,0.5803613467472186
18495,35,39,
18533,94,58,0.4286347244260364
18573,87,89,0.5169554573826183
18576,93,34,0.428921054815524
18590,58,84,
18607,46,22,0.5219072399447198
18624,98,40,0.5625879598787207
18638,17,75,0.5646897265972509
18674,42,60,
18677,92,12,0.5061381034917513
18701,11,78,0.41761724369194875
18709,38,46,
18818,44,57,
18824,50,35,
18852,73,27,0.5443304289827572
18903,11,62,0.4022590793846581
19002,1,33,0.44861508792418087
19037,54,91,0.5009888002229521
19090,16,86,0.5804705168708013
19252,38,47,
19266,55,58,
19283,85,17,0.5084170863962315
19360,54,69,
19378,60,91,0.4609817290941369
19391,34,42,0.5279820759940828
19409,3,46,0.4674489504299818
19438,56,64,
19454,68,17,0.5984564222610257
19570,28,17,0.591891934310139
19618,82,12,0.5991678646445154
19620,2,48,0.5246652405348918
19642,2,55,0.47723723172893395
19687,56,61,
19693,25,15,0.4867767824094937
19760,80,26,0.4958282765670481
19810,72,66,0.5890627115147518
19819,36,46,
19870,77,23,0.5954005469545669
19884,81,45,0.5352771617369196
19892,32,69,
19991,4,30,0.4142723595425758
20042,42,98,0.4004302056383159
20086,18,10,0.4019052075090409
20105,97,7,0.4928859131507946
20127,64,97,0.4743777335053479
20134,96,59,0.5832232895731199
20167,24,28,0.47893957933172865
20221,58,70,
20240,74,63,0.5179081292684253
20250,31,47,0.4079796893559776
20256,40,45,
20279,84,24,0.46312542921716304
20315,25,40,0.5022443256722141
20325,41,63,
20345,36,30,
20351,13,0,0.40121011082285224
20381,88,56,0.40080217999659623
20429,3,94,0.574301233660661
20431,23,91,0.4143825202513384
20438,61,12,0.4009928977747084
20471,53,58,
20580,36,88,0.43780258599828725
20592,32,89,0.5928946480636448
20596,39,71,
20609,34,49,
20611,78,27,0.5814643338145847
20614,37,31,
20704,96,75,0.5417417077720562
20714,17,20,0.5491716456631798
20772,35,66,
20861,46,68,
20864,9,7,0.5885938899169767
20877,10,42,
20904,93,99,0.438605131396802
20919,16,64,0.505067755173267
20920,35,53,
20962,68,2,0.5868414457382634
20964,41,44,
20985,91,25,0.42389032404887383
21040,33,34,
21080,40,31,
21146,1,6,0.5068094260045066
21151,10,92,0.5612835084299771
21182,64,23,0.5787296599772311
21261,80,56,0.5549618558343002
21293,84,52,0.40512691032033976
21296,13,1,0.4973479040918074
21364,29,15,0.5478513661623547
21374,35,30,
21434,15,57,0.4615940765292485
21441,28,8,0.5381139097581975
21456,96,64,0.40019637750660864
21462,72,28,0.40150090704318125
21553,3,15,0.5925467297601557
21560,94,63,0.46064378732205963
21652,15,81,0.5268442764011875
21756,34,37,
21786,24,71,0.4000424249830595
21793,23,23,0.5999270352709047
21796,22,48,0.5873971041619941
21823,88,23,0.5724501062026985
21877,53,48,
22007,53,8,0.5880339070375369
22032,21,11,0.5348371671114733
22068,99,82,0.5369519328902836
22083,72,54,0.46111350398590917
22093,54,49,
22112,99,28,0.4483533188693622
22145,58,86,
22174,3,59,0.5994774708806969
22186,40,36,
22188,21,55,0.4010203999714015
22190,70,81,
22206,86,55,0.474386049128291
22227,11,46,0.5999997916334999
22271,11,67,0.5956182083107048
22321,39,52,
22337,89,11,0.42748664072550785
22366,44,97,0.47403115607934615
22376,57,9,0.48505997253384664
22419,72,80,
22437,66,73,
22446,92,48,0.5444299826340734
22450,81,31,0.5899183578530274
22458,28,29,0.4137566693744791
22472,84,15,0.48258376158386607
22508,20,94,0.45381475652677755
22569,7,21,0.45400430178109
22578,58,93,0.5984384321733037
22586,48,3,0.40776953008201094
22610,79,89,
22611,34,11,0.4940558749769722
22613,59,77,
22640,92,17,0.5998563770383464
22700,88,61,0.505914266088451
22708,19,46,0.5919121357735174
22711,53,56,
22743,29,26,0.5340612880056342
22840,10,2,0.5764851992931694
22890,27,7,0.5010507030802159
22907,47,92,0.4014140929717185
22908,25,67,0.41515089212975065
22949,1,48,0.41960183762021525
22965,23,14,0.5839129020716965
22979,83,99,0.40429223666932684
23026,20,95,0.5368566766772482
23044,13,30,0.5993807086282812
23057,36,71,
23075,27,84,0.5857221637275672
23096,97,77,0.44197588506114216
23100,63,24,0.4030381908022778
23130,78,89,
23157,90,9,0.5130305906603714
23175,90,83,0.5157356605557308
23182,18,43,0.4598677219964778
23208,31,87,0.44422363748803473
23256,9,38,
23306,71,20,0.5752090282236683
23367,91,78,0.42164844047196537
23373,79,59,0.5495969203473188
23419,12,5,0.40121011082285224
23428,42,58,
23439,77,51,0.44422363748803473
23452,58,2,0.5998877465641657
23471,64,29,0.40091291215672226
23529,24,96,0.5782998296724501
23549,55,25,0.46528699579896965
23553,81,64,0.5616927997089927
23577,82,41,0.5511226761870432
23623,9,20,0.5774491098616304
23629,2,90,0.42066977337720307
23645,52,12,0.4605318881408461
23701,21,94,0.5104686880781701
23740,17,84,0.5971338482236879
23758,32,38,0.40000045518871025
23763,43,52,
23783,69,96,0.4140259759252909
23816,95,47,0.49417741825328554
23825,45,4,0.5982176568150586
23871,96,10,0.45818268915242255
23888,54,43,
23940,18,69,0.4082009891469554
23989,97,89,0.4244835305070182
24034,23,66,0.40447166707877263
24043,57,96,0.45582472160568016
24045,9,19,0.44693597598070234
24138,34,89,0.4432789854108687
24150,75,18,0.45089906174646516
24210,52,70,
24227,14,97,0.4002604077943307
24231,33,31,
24280,90,49,0.5920962145511703
24297,10,72,0.4165842553375132
24328,22,3,0.5648215552758432
24342,46,70,
24400,53,47,
24410,47,83,
24418,51,5,0.5003160808341385
24420,58,83,
24424,33,60,
24455,79,60,0.4341277480836343
24483,80,94,0.5942965518326211
24512,33,67,
24552,43,74,
24585,99,56,0.598373107595948
24599,35,43,0.4028514677282626
24608,54,94,0.41519387573600486
24625,48,78,
24637,70,84,
24676,68,23,0.5973411806492698
24703,6,27,0.48809246756157576
24722,15,68,0.4763149361183024
24724,42,46,
24756,92,44,0.4227064775410288
24786,57,38,
24804,20,71,0.5752090282236683
24809,39,43,
24819,80,57,0.41351981732231796
24859,11,37,
24921,27,86,0.5883320034566477
24957,40,53,
24973,91,60,0.4609817290941369
25060,68,62,
25061,64,92,0.5986331289046333
25109,58,22,0.5720203333062752
25157,13,26,0.4288130000679291
25226,66,61,
25278,20,40,0.571508727556518
25303,51,87,
25312,38,85,0.4911254951197356
25313,24,32,0.4419585213209279
25320,95,4,0.5856649034818021
25362,28,73,0.47154873571444766
25375,61,69,
25440,46,97,0.5999093539943287
25545,31,10,0.5413064897006659
25636,84,30,0.4399899890989948
25675,34,62,
25684,27,79,0.41145370453709873
25740,18,41,0.5127679735306507
25810,94,14,0.40089772116706485
25841,46,13,0.5996856227956443
25884,27,54,
25887,38,7,0.4697929330026644
25892,86,8,0.5572492533145742
25914,3,43,0.4036607026663413
25927,93,59,0.45975623264615567
25977,42,25,
26001,36,21,
26025,37,43,0.411467614506394
26036,38,15,0.4572402154418166
26064,70,11,0.500723980291111
26130,29,82,0.4075270715638573
26205,71,49,0.47950780744216204
26211,40,83,
26214,86,61,0.42035486225716445
26289,52,28,0.40121641361499966
26316,85,67,0.5685893795043923
26374,24,86,0.45824861742360706
26417,6,12,0.40462383069732816
26430,6,69,0.4375470719858525
26433,56,17,0.40960949590765766
26458,68,36,
26524,76,3,0.5967460772660798
26563,11,5,0.49858201705728555
26574,22,12,0.4484576161083214
26598,27,21,0.46366601699654697
26606,74,84,
26615,22,26,0.4204285463376859
26659,12,97,0.4065243341367018
26668,67,47,
26701,4,1,0.4414362696665824
26715,84,84,0.5931493581526507
26720,84,25,0.594608629932326
26748,59,74,
26796,4,35,0.40072553442893083
26806,55,80,
26907,15,56,0.5755906083726487
26933,73,2,0.4488956619947049
26984,9,65,0.528510618943648
27006,80,18,0.5993379974794363
27049,54,14,0.4957983787500444
27083,1,22,0.5985909296539392
27091,76,18,0.5386975784426754
27189,26,42,0.589016058633735
27308,13,22,0.41008631994210176
27349,79,68,0.4119559937595512
27404,62,95,0.4317454795271885
27416,19,57,0.40051212999291086
27438,83,89,0.5272965456960247
27451,89,65,0.5996616664366324
27464,39,36,
27488,47,56,
27516,34,80,0.569782803933013
27599,23,85,0.4682801083575547
27664,96,16,0.4013887886899642
27676,68,52,
27694,94,33,0.5838291808083765
27758,85,55,0.5987802811424895
27872,81,93,0.5992608089955277
27878,49,32,
27966,85,27,0.5375762128701776
28028,40,22,
28056,55,46,
28058,45,78,
28100,87,24,0.4002422560518017
28126,60,31,0.5246755716971667
28128,6,95,0.4546026871774803
28138,17,63,0.5362105984732037
28149,54,32,0.512414152317866
28209,98,11,0.5991387463063483
28214,53,46,
28235,53,95,0.41811793588239704
28236,1,26,0.5880582034843457
28244,19,12,0.4251892489901783
28246,72,10,0.4165842553375132
28273,50,31,
28332,19,89,0.40614954067071185
28375,18,76,0.5386975784426754
28402,80,17,0.4046270354519889
28420,30,20,
28422,78,73,0.4632584599577714
28427,90,99,0.5788296502400956
28489,99,23,0.45180021220095523
28494,75,64,0.5797199586757619
28510,99,17,0.49042583336175477
28512,19,39,0.5951685522203181
28545,63,87,0.400219489347747
28574,89,74,0.4002882241772572
28650,72,79,
28659,66,60,
28670,34,55,
28680,91,21,0.42060218551004624
28689,80,36,0.5999301027434754
28712,35,12,0.5581162458711586
28770,55,14,0.5095847907590527
28772,33,83,0.4662260346622994
28824,9,33,0.46366601699654697
28921,59,2,0.4482655823971771
29047,13,82,0.4959413321902134
29054,35,68,
29064,81,49,0.40302096679191396
29077,22,73,0.4024169860310089
29090,50,3,0.4167933173107352
29154,42,56,
29207,61,10,0.4102702998054519
29260,10,91,0.4454223163495659
29308,18,18,0.5890763150287576
29373,76,82,
29396,28,64,
29411,98,33,0.5747909032049556
29415,85,75,0.4002080501377828
29425,28,46,0.42546054736710176
29558,28,68,
29559,18,36,0.5923365992356012
29612,54,65,
29687,33,41,0.5244872131338633
29690,10,65,0.5921990829834376
29713,50,62,
29737,20,54,0.5925661307887125
29772,88,79,0.4121266485774262
29816,54,1,0.5994596595488361
29832,50,23,0.47723723172893395
29841,58,29,0.4018775125277044
29843,26,33,0.4724590385254423
29848,31,93,0.5658031449258776
29855,67,43,
29897,90,2,0.42066977337720307
29901,51,25,0.4147487608006341
29916,9,50,0.5893436024698933
30019,77,73,0.501755349255773
30050,37,25,
30079,49,67,
30129,39,88,0.40078312063107063
30151,78,24,0.4704552890898138
30157,78,29,0.41852331493032435
30224,23,39,0.41730018360386484
30308,24,29,0.5645414198304338
30367,93,15,0.48724261243719097
30370,8,99,0.5627559979076459
30405,82,5,0.5202224835865638
30410,40,62,
30428,81,81,0.5867141134145225
30441,56,20,0.40280808582050615
30516,90,31,0.4546026871774803
30559,82,65,0.5594362443103804
30585,66,29,0.5675364051562161
30601,98,73,0.5895802662171387
30610,5,73,0.4430347894579183
30644,94,98,0.5927811461920782
30693,86,21,0.5560048200167769
30722,76,31,0.4024979148379671
30758,36,19,
30780,69,43,
30851,31,44,0.41010876020231846
30874,95,0,0.4138345880213959
30905,10,81,0.5985462828864098
31009,93,11,0.4159213771515711
31014,56,66,
31031,25,78,0.5968383643614893
31086,91,76,0.5930331635074193
31104,37,49,
31109,98,42,0.4004302056383159
31162,87,71,0.40580914996651224
31164,72,85,
31180,26,25,0.5018770833516315
31239,92,83,0.4750885356272005
31251,25,87,0.4978175777119858
31261,16,46,0.40137181872083777
31265,89,67,0.4066042407714567
31278,65,11,0.42648274436274763
31310,43,81,
31337,28,26,0.5141328972280116
31350,71,10,0.4790794673908066
31357,39,22,
31365,91,28,0.41650543081600955
31407,73,94,0.48088730051979495
31416,86,87,0.48829601564739594
31418,85,60,0.4186721397517793
31451,27,83,0.5816361143758453
31500,52,82,
31528,53,66,
31571,76,77,
31578,94,71,0.4370612977769578
31677,75,41,0.4003743648205129
31681,57,3,0.5027844743024235
31694,63,66,
31770,86,31,0.5579423011706822
31831,0,96,0.4922640878400345
31834,73,10,0.435638199215691
31842,74,97,0.5856693412989968
31905,64,7,0.5092190975384997
31915,43,67,
31971,71,92,0.4743777335053479
31989,21,74,0.45385075722881235
32075,82,50,0.41038278667234196
32082,93,52,0.40374303137908224
32100,25,14,0.573985980513271
32140,26,22,0.4204285463376859
32154,94,50,0.5621505520108069
32160,94,25,0.4049641411446407
32192,46,62,
32241,29,69,
32299,98,23,0.43202070215382143
32341,91,96,0.5296242252193532
32345,46,74,
32360,73,58,0.504813896620337
32400,55,93,0.4648467834683217
32417,75,45,0.40703043048792276
32427,56,48,
32491,14,12,0.49469766766938955
32495,16,11,0.5015098157047692
32507,56,59,
32523,0,19,0.411363568903734
32592,4,99,0.5688794050914222
32641,38,41,
32757,50,51,
32792,48,14,0.5543717642335481
32809,25,79,0.40741450496526177
32829,1,70,0.5195024816250033
32842,52,22,0.46545929396226926
32885,24,26,0.40004211505579046
32898,65,27,0.5724221262474027
32987,18,39,0.5928566557183715
33016,23,11,0.4254947185453701
33040,56,2,0.45794227340847743
33081,72,20,0.4111990036311367
33105,14,32,0.5521705397455091
33136,94,17,0.43676961625806104
33191,11,95,0.4557883151912433
33257,50,82,
33270,52,6,0.5831557241759601
33319,10,30,0.4612079486342212
33345,11,86,0.41092854288685765
33352,31,40,0.4479515875093347
33364,56,76,
33414,87,52,0.5013560952956256
33416,32,4,0.5656873053004475
33429,31,9,0.45576147656774413
33468,33,54,
33469,85,52,0.5459407329274707
33480,7,45,0.5803435337974998
33554,31,98,0.4985201174796778
33594,79,95,0.5476712754735872
33673,61,41,
33724,43,21,0.4463147338535195
33764,84,96,0.43737880040434546
33767,1,31,0.5979862770696514
33878,27,35,0.4092806255819727
33904,45,19,0.4607007049929847
33911,82,87,0.5853370678300786
33932,48,12,0.5846973392631333
33993,14,54,0.4957983787500444
33995,75,97,0.419022824926515
34002,31,38,0.40397329290320194
34102,73,22,0.4024169860310089
34128,99,41,0.43674484236440836
34145,47,55,
34181,90,18,0.5988754531834917
34195,2,41,0.4408836993267667
34264,73,79,
34270,82,20,0.5039669241199725
34333,62,1,0.5914516998231215
34396,76,75,0.40626584935222604
34415,28,20,0.5819702319717956
34529,21,59,0.5807787613305456
34553,1,82,0.4758090293140194
34556,70,58,0.460842118197557
34563,98,2,0.4556236544090229
34635,46,92,0.46271689874702865
34670,53,18,0.410858765383096
34707,3,5,0.5949403964765927
34714,38,14,0.4013333149657004
34754,7,72,0.422267974477391
34762,19,42,0.4674489504299818
34795,96,94,0.5969445494566612
34891,61,55,
34907,81,8,0.5109443517273442
34988,35,96,0.47059200779461274
34999,92,59,0.43147748682695947
35075,13,97,0.5271280944101189
35095,67,63,
35106,52,71,
35110,30,60,
35154,23,44,0.46248117616375606
35163,54,29,0.4957877275138505
35174,0,45,0.436690247755913
35213,22,24,0.4043668134490124
35214,97,96,0.5999136646804185
35236,80,55,0.5368566766772482
35254,15,38,0.4572402154418166
35348,35,51,
35380,87,35,0.5862119915347757
35417,11,25,0.4156679655299082
35466,90,69,0.4022826199346308
35484,81,77,0.5854582209939173
35497,50,60,
35526,81,40,0.5413998065332508
35569,18,57,0.40143131978997637
35595,84,55,0.4692966294700735
35626,78,58,0.5978537054870278
35657,97,48,0.5633262675379068
35659,91,45,0.5445944448326187
35687,50,86,
35745,10,43,
35883,82,75,0.5923799813600483
35917,74,43,0.43015146322508235
35918,42,34,
35986,15,51,0.435209366060006
35991,44,11,0.4697440854705634
36037,58,43,
36054,58,19,0.4186125456961222
36059,43,77,
36068,9,34,0.4077497377177064
36109,94,38,0.5628740175417485
36122,24,65,0.48429390387839855
36170,48,8,0.40609657160624596
36184,12,40,
36188,27,65,
36240,13,54,0.40746866495684125
36250,14,16,0.5960890609609967
36302,55,38,
36320,55,50,
36334,92,46,0.46271689874702865
36359,31,36,0.41503243295219255
36417,13,44,
36423,52,59,
36474,77,15,0.5292139937386318
36521,47,71,
36540,67,38,
36553,46,14,0.47355917278905224
36591,48,41,
36598,30,70,
36609,0,74,0.4386119221346173
36627,14,6,0.4008453944525842
36723,79,70,0.5820399107657316
36728,56,29,0.5191420835113661
36794,49,6,0.5758305753499019
36799,27,96,0.4000183081355271
36856,11,56,0.5987692776188691
36903,58,14,0.5961538478805067
36906,15,73,0.40327721098978686
36917,17,37,0.44424847694453207
36923,57,90,0.42970659823192653
36950,18,31,0.41119410210012053
37003,29,6,0.5977128607820753
37006,2,44,0.43772236450897417
37080,55,76,
37089,82,30,0.401269440944794
37112,92,24,0.43780258599828725
37186,51,64,
37239,94,93,0.4051113743939041
37312,70,88,
37339,55,37,
37341,26,66,0.5156154115671144
37357,14,30,0.47666159750278025
37367,31,32,
37372,14,55,0.5095847907590527
37401,36,59,
37450,0,81,0.5865466065776147
37502,41,95,0.4184404447743507
37607,79,38,0.5982575783140073
37620,75,68,0.5027139921719656
37625,16,24,0.5631360239117202
37672,68,69,
37680,97,46,0.5999093539943287
37683,75,70,0.4095657046761873
37701,21,36,0.48041792641449343
37784,5,0,0.4003913515488227
37802,54,35,
37838,72,50,0.5057714349964327
37853,92,4,0.5695192347625746
37862,18,5,0.5444854344214906
37886,26,90,0.5221655594616115
37916,10,0,0.5346649533095392
37958,26,12,0.4237519587793052
37964,75,56,0.5557001324866542
37980,43,88,
37990,71,31,0.45267831370775824
38034,87,26,0.40401631147029504
38049,29,43,0.4083635289447232
38051,47,87,
38074,99,86,0.4310184442085068
38092,81,87,0.5373306593997751
38095,13,91,0.599771667296474
38106,1,38,0.4776450077701994
38116,55,75,
38168,81,2,0.5999968886627232
38199,63,39,
38211,9,67,0.5157967923790828
38266,63,68,
38268,49,76,
38300,48,10,0.5400481629825318
38330,72,69,0.4000183081355271
38348,31,55,
38353,19,97,0.5564939256367719
38414,51,28,0.421807909810031
38453,25,86,0.5927580343710874
38457,10,3,0.505394043507356
38467,14,43,
38500,0,56,0.5082638858581909
38544,13,4,0.533417966538771
38565,93,25,0.5960296942339102
38576,17,50,0.4405466229423162
38606,73,15,0.40327721098978686
38609,96,72,0.5651866644138239
38615,56,57,
38616,88,99,0.521759221034439
38694,47,30,
38717,28,0,0.5692331381168935
38725,88,92,0.5965969320712508
38733,91,54,0.5009888002229521
38748,74,75,
38753,71,76,
38794,34,20,
38818,31,5,0.40128236578229387
38838,45,83,
38844,57,22,0.5082745100213201
38886,69,68,
38972,96,21,0.41260808966348483
38994,37,53,
39027,99,42,0.5401518185701114
39033,8,69,0.5197119201227132
39077,91,98,0.5165533183214367
39090,8,32,0.5716012274977847
39097,82,24,0.5651089079583751
39194,82,18,0.457915126493052
39244,62,43,
39245,78,83,
39270,45,40,
39316,57,31,0.5436707275575078
39340,17,3,0.42801524079420245
39370,83,82,0.5903777130096496
39411,36,27,
39413,20,78,0.5866736573761944
39471,91,97,0.5994563342071336
39510,47,51,
39518,11,71,0.41973538785780035
39550,15,35,0.5912859223288224
39565,7,67,0.40866010855318063
39639,85,25,0.4533267639085018
39663,54,48,
39741,45,13,0.43334880177709406
39822,0,62,0.5283345333378155
39828,2,60,0.5639867332082882
39841,68,30,0.4452345520022519
39847,63,7,0.5701550698678294
39887,88,11,0.48819423540388046
39896,23,65,0.5998601299401887
39900,35,41,0.5998962782814848
39988,38,11,0.5415941330184021
40014,94,86,0.40243053308359406
40017,37,0,0.5581162458711586
40022,0,95,0.4138345880213959
40027,75,79,
40032,45,24,0.400419784953106
40063,50,6,0.5804527481116942
40085,29,98,0.5216591745194543
40088,38,82,0.4762755081368091
40089,60,6,0.40067731333344186
40096,81,37,0.4586838143144039
40109,4,63,0.594122512757008
40145,6,98,0.5993037059467807
40256,54,72,
40285,88,74,0.4184354673582093
40350,93,97,0.4135874160874891
40361,96,41,0.5878100835894083
40369,26,56,
40370,64,70,
40396,77,18,0.4132805898681987
40432,85,62,0.42553602450967903
40487,79,20,0.40738788419037425
40648,69,7,0.5535987814066369
40663,79,42,0.42296592958016554
40714,52,72,
40716,38,16,0.4737857910990949
40870,26,94,0.4416841031830497
40930,4,72,0.45724985260440576
40949,92,25,0.581185940440858
40989,83,50,0.5905379705280721
40997,71,4,0.599766880332563
41080,52,55,
41085,29,52,
41086,80,35,0.5284717162983057
41174,35,94,0.57640670782496
41175,5,34,0.47795319496669675
41228,88,29,0.4026637179599165
41239,84,71,0.5034482827751081
41287,13,66,0.595221533574674
41293,79,49,0.5966890952720453
41336,5,66,0.5850103526372147
41356,79,21,0.4436153961445293
41400,56,75,
41423,31,34,
41428,89,78,0.5998205126862074
41433,61,48,
41491,10,70,0.40873502433151726
41515,23,41,0.4661978704714057
41519,30,48,0.4339367278470569
41530,22,20,0.5899538456929637
41604,14,80,0.4244891701618661
41616,16,89,0.5603188122746282
41664,56,92,0.47789281636733777
41696,77,36,0.4096753607707311
41765,7,36,
41777,80,97,0.585479290266411
41792,98,57,0.46824977954079466
41793,23,95,0.4768111157507041
41794,89,66,0.40364412453217335
41821,49,21,0.46388496847053745
41828,38,3,0.5723027229918393
41855,12,72,0.4621310758590888
41890,89,40,0.5213004280323271
41914,56,88,
41977,7,32,0.591891934310139
42001,29,24,0.5645414198304338
42031,47,95,0.49417741825328554
42138,9,37,
42177,8,34,0.5521705397455091
42189,79,29,0.5729062740212207
42213,10,38,
42228,70,98,0.599994952202177
42240,91,83,0.5327912832380888
42272,57,47,
42294,35,85,0.599771667296474
42296,28,32,0.5901136994401933
42340,13,7,0.48922763742274605
42393,13,68,0.40711325998972553
42414,70,0,0.4002248971631241
42467,53,74,
42488,27,34,0.5075421715363865
42502,6,68,0.41103070022677457
42522,40,42,
42538,54,57,
42583,45,20,0.566719641422969
42595,92,21,0.5741295028866454
42634,12,93,0.5391401684556469
42650,77,26,0.5433034121853461
42670,97,75,0.419022824926515
42683,95,63,0.4047283962146179
42701,33,3,0.5474119627560617
42784,28,1,0.5626362296558679
42790,3,17,0.42801524079420245
42798,85,95,0.41718511582458234
42811,99,74,0.5602370340422337
42840,58,20,0.558447709711678
42872,96,88,0.4000558470810578
42934,29,84,0.4232718623132606
42949,46,9,0.5438262932003646
43096,50,98,0.440933641126627
43106,43,53,
43150,88,3,0.4100415102639531
43218,22,75,0.42789526400369865
43234,12,80,0.45918619374952213
43255,69,98,0.42164844047196537
43268,58,94,0.4286347244260364
43277,80,52,0.5967358004916629
43288,97,40,0.4260341670149941
43301,13,41,
43361,79,80,
43367,87,36,0.47236052583321114
43373,61,81,
43409,34,97,0.4985201174796778
43454,69,38,
43492,46,93,0.43385182629465424
43521,77,40,0.5436342137896254
43524,84,31,0.5621823413677387
43543,8,64,0.4728513968774799
43575,70,71,
43588,27,53,
43642,17,4,0.4863218046464425
43685,43,25,
43688,91,92,0.4495359264502528
43709,62,76,
43729,59,10,0.43507768583736395
43833,99,55,0.5999716608299875
43850,4,6,0.5421778364284985
43853,64,28,0.5811198246379138
43915,1,85,0.5541923858130982
43955,74,52,0.5966420639096895
43974,32,32,
44030,40,3,0.5855854898001569
44047,57,29,0.439047795273223
44110,59,24,0.41069289999415276
44154,74,35,0.528119407300096
44161,34,23,
44213,9,30,0.5466826765853794
44216,26,72,0.499030474707568
44282,28,82,0.5637270852141972
44293,40,8,0.5979226761670658
44338,5,93,0.42580890635665636
44379,81,53,0.5902373867411237
44408,68,64,
44423,97,5,0.5030491912645234
44468,70,57,0.40983359517967305
44482,0,37,0.5581162458711586
44495,93,44,0.4483533188693622
44523,92,68,0.5745195136902876
44572,52,7,0.42337054560261145
44604,43,29,
44618,9,8,0.5993392215678196
44709,40,51,
44711,8,4,0.4209566820919917
44740,44,0,0.4071965565799119
44743,21,70,0.5476993871256939
44784,20,84,0.5902852072706993
44820,27,32,0.5955523150771646
44836,88,54,0.5961819485880645
44908,67,3,0.4963489339741901
44958,27,76,0.5093721680838433
44991,55,13,0.5903511996693199
45015,95,38,0.48233150794980606
45020,51,98,0.598896748672854
45067,68,76,
45108,15,76,0.4187368324006
45128,35,62,
45149,59,88,
45165,46,65,
45255,82,33,0.4474128560973743
45287,24,13,0.45757254954938104
45336,20,63,0.5543807110902115
45344,12,75,0.43167061066506857
45432,95,13,0.46322871673550137
45452,50,12,0.5730522947568876
45483,96,73,0.5828137431233604
45503,22,34,0.4013333149657004
45506,15,45,0.4006148022494171
45511,23,28,0.5999998857508839
45519,74,42,0.4311066435350326
45537,32,99,0.4186721397517793
45680,67,87,
45696,41,35,
45702,80,45,0.502090625594748
45715,62,73,
45722,60,52,
45741,13,73,0.4645989798591356
45767,97,31,0.40011125816439785
45775,6,10,0.40426009732422874
45780,20,27,0.5211501947600669
45794,90,77,0.4005058918452974
45811,26,57,
45823,66,88,0.4087769646001461
45901,9,71,0.411114702019091
45906,2,14,0.5650310831101694
45927,69,1,0.5465561001662568
45933,66,69,
45943,62,67,
45946,94,68,0.4021949842726704
45957,26,2,0.489410247009103
45984,0,11,0.4002760390449042
46026,75,7,0.5895944761164351
46041,0,72,0.4408751012737303
46045,6,88,0.48951216705760076
46086,73,49,0.5278344481864857
46119,67,33,
46135,24,16,0.5631360239117202
46147,49,3,0.5355248414211647
46150,44,86,
46199,65,5,0.438443459095692
46231,53,17,0.5961032396600067
46274,9,35,0.5787046299819187
46335,82,73,0.5591335085811476
46338,60,58,
46352,58,78,
46418,26,15,0.4015027476992521
46439,31,35,
46480,27,11,0.4867767824094937
46530,58,35,0.43365344646439336
46600,11,30,0.5999551904782212
46636,11,31,0.4000003140127338
46658,12,73,0.4037129806385445
46691,67,67,
