,x,y,value
13,55,23,0.4366761285574023
50,8,14,0.4709507971337989
100,92,53,0.5611811251937253
126,67,35,
164,11,61,0.558684981013507
170,8,25,0.4895557197181049
188,39,19,
237,63,22,0.5683614709487897
299,48,71,
350,21,81,0.5343228729426066
360,84,96,0.5490662378500755
363,0,8,0.5443684267412449
369,95,10,0.5358276692238659
370,18,51,0.4285714440104755
483,59,93,0.4853195290860063
496,62,66,
553,42,63,
559,58,40,
568,74,94,0.44322945416900095
588,22,45,0.524931764061529
599,26,2,0.5530883127250151
602,12,24,0.567935810571756
625,83,73,0.5468055316054904
631,89,52,0.535846294805774
641,25,64,0.5713687314920549
654,17,79,0.44685555569809987
664,6,33,0.428571433495726
672,9,76,0.5541259822584588
715,6,88,0.5147415866086561
737,22,0,0.5669463006727812
815,18,47,0.5407951144281598
843,26,49,0.5015400521182835
865,71,28,0.5357866814864688
893,99,60,0.43076790364256917
960,29,37,0.5290236412940564
983,77,27,0.4414010854218724
1051,46,76,
1053,91,63,0.5619466998684104
1087,86,38,0.4289495730085387
1097,14,2,0.5618575308723025
1125,0,36,0.5603191125625623
1260,64,64,
1271,96,16,0.4304898267608113
1280,39,40,
1317,74,36,0.43048091498336877
1318,76,95,0.5194131142136144
1351,56,32,0.47100194968284215
1353,61,25,0.49707121885280353
1405,4,57,0.4347658330867435
1468,23,70,0.4669765126688235
1493,69,70,
1500,55,37,
1520,38,26,
1532,76,2,0.5531372629236242
1534,54,10,0.5119547446675391
1551,82,47,0.428832786294162
1565,66,87,0.42857163678079024
1576,63,40,
1627,44,85,
1741,73,91,0.528874042419599
1790,90,30,0.500129196257984
1840,94,94,0.5204021607373475
1889,24,14,0.4304611843153007
1908,58,69,
1928,6,41,
1974,82,83,0.4721402853883927
1976,7,19,0.5290472482640212
2027,53,57,
2053,43,98,0.4838493300443167
2056,38,79,0.4347019654937478
2111,36,71,
2204,35,25,
2251,70,31,0.4439696804557471
2271,74,0,0.44891127504450623
2291,7,12,0.43254363721178535
2296,99,15,0.5176241381030712
2361,89,85,0.4972261233640467
2363,26,67,0.5073925867536554
2369,44,95,0.44392430468704536
2380,53,81,
2408,60,78,
2488,24,22,0.5710356955106133
2506,23,76,0.45227225737513005
2555,57,89,
2628,68,29,0.5073883035294807
2664,27,67,
2666,97,5,0.5117785152596691
2683,65,72,
2731,75,82,
2822,79,31,0.42858933697668977
2831,76,0,0.4489082655393601
2872,62,0,0.4605180078512161
2880,70,20,0.5618208919825656
2950,69,41,
2961,79,9,0.5695205807968649
2976,73,43,0.43043519691336146
2978,74,9,0.5541231721501134
3050,16,85,0.4405651228241915
3081,35,83,0.5706452103157179
3090,35,66,
3093,98,73,0.42884019898636655
3156,81,94,0.48347413144367235
3188,40,76,
3206,20,25,0.5357270348678678
3246,70,81,
3250,42,14,0.571034341207662
3278,22,86,0.5531574026668704
3302,70,97,0.4295377520611645
3335,92,29,0.45230430484784173
3351,4,10,0.43305070936553997
3355,30,31,
3371,60,13,0.4404757067992887
3379,7,91,0.4468382953792486
3400,8,95,0.4894364531915224
3408,23,39,0.5618736744338998
3420,10,61,0.5713682015790909
3446,72,32,0.558602620432985
3514,52,9,0.5075060823553675
3542,85,63,0.5393940389514508
3582,95,39,0.563229987852056
3583,73,3,0.44305871548783604
3599,69,81,
3668,7,24,0.5357065236620584
3681,8,5,0.4895642398986078
3734,44,48,
3777,82,75,0.5190377734807907
3785,7,34,0.45221781649062665
3804,61,50,
3847,12,37,
3852,2,78,0.5569477961542805
3859,11,49,0.47938953644462406
3864,72,17,0.5014173478480328
3879,53,74,
4041,35,16,
4063,29,56,
4066,86,61,0.5406341235017548
4129,43,54,
4141,63,32,0.43252101175631213
4158,21,18,0.557793390824974
4182,98,43,0.4838493300443167
4253,75,7,0.5688191934893664
4257,12,9,0.4285714317432678
4261,65,39,
4300,64,56,
4322,88,85,0.563883591578163
4338,19,43,0.5290236412940564
4344,21,40,0.4295766066023523
4357,86,3,0.5698897176216625
4372,67,29,0.4468670664408439
4400,6,2,0.5290531494127604
4427,26,56,
4449,81,64,0.5541709172292396
4454,84,6,0.5645871021027136
4479,6,59,0.42881773506965004
4492,43,97,0.49386199691159594
4493,93,60,0.4308594278272783
4496,37,91,0.43821042262669657
4525,80,55,0.5358313946007495
4623,79,90,0.4296063377719856
4636,80,63,0.4404233909728259
4702,13,22,0.4836983550260565
4715,70,6,0.5706726345790627
4722,95,35,0.43821474386887915
4784,47,2,0.4722910387314842
4786,42,47,
4799,23,46,0.5698597913093824
4829,22,63,0.5683614709487897
4863,15,13,0.5395232649373981
4929,72,73,
4931,77,67,0.5467860108045128
4947,8,23,0.554065521590798
4963,36,78,0.43210020563131823
4995,11,83,0.5289606708157697
5006,98,61,0.5358798126437057
5017,70,7,0.5500266928800678
5032,99,42,0.557884358586438
5106,8,55,0.4895216405158658
5152,61,9,0.5370486083472381
5202,75,1,0.5510902422050752
5219,89,22,0.45229468878517964
5238,28,1,0.43474217399873666
5250,0,37,0.4404947567036021
5294,94,74,0.44322945416900095
5307,55,40,
5323,94,36,0.546562715040899
5403,39,50,
5426,66,90,0.42872382986375324
5445,60,99,0.43076790364256917
5484,38,63,
5499,96,47,0.5355721716515067
5547,55,51,
5563,74,60,0.44887517324157056
5568,17,12,0.5407703665436413
5582,98,9,0.5076045724517074
5602,44,30,
5622,76,38,0.4850478117961062
5745,32,94,0.4710767431334177
5752,98,59,0.4346705855428566
5764,11,52,0.535749406248527
5772,67,21,0.4852183988257035
5785,91,91,0.5567509515368494
5796,55,43,
5823,25,80,0.535801587940174
5831,49,86,
5864,96,70,0.5121118017926739
5903,14,23,0.5357233058498235
5973,30,90,0.500129196257984
5981,2,7,0.48368996977005646
5982,89,59,0.42859071224193546
6008,99,19,0.43409624583470074
6011,50,92,0.4293608560149628
6133,25,16,0.440512628560552
6138,92,91,0.5698173248122486
6158,58,76,
6209,2,64,0.5618295187414738
6215,44,7,0.4347351721996962
6220,39,60,
6249,47,74,
6263,84,45,0.4953848808904021
6280,31,48,
6303,34,11,0.5015142200060297
6354,64,80,
6368,78,25,0.5249882520922835
6386,74,92,0.42894208739008927
6450,56,85,
6470,28,84,0.5291553981970993
6484,27,9,0.541994074931328
6513,50,94,0.45575994495851424
6523,8,62,0.5060328939278039
6578,62,52,
6650,24,52,0.514804784981701
6694,68,16,0.5531286287077515
6717,70,32,0.5509742387347722
6722,78,69,0.47807546994596267
6739,48,59,
6763,14,19,0.4325471781096552
6792,45,44,
6817,27,24,0.47790954784472167
6842,62,34,0.5618230490093654
6845,39,81,0.5701850304307068
6847,27,23,0.44135679648697446
6870,31,13,
6908,57,68,
6926,72,40,0.5669147163440769
6941,89,90,0.46670380007029927
6994,45,93,0.48208807729165104
7212,10,12,0.4604749540404933
7225,97,79,0.43825367546418353
7239,72,65,0.5250245564284325
7255,41,17,0.5148785011106167
7302,12,35,0.4404947567036021
7322,21,70,0.4295845410300906
7328,73,6,0.4347781177755006
7335,56,8,0.5618359864510136
7360,10,24,0.44895945237374063
7388,27,11,0.5618650661084263
7398,34,99,0.5541737239917319
7411,26,26,0.5714125062666724
7455,65,51,
7465,30,72,0.44490771693956405
7503,53,86,
7518,2,10,0.5633009563010594
7544,98,67,0.5539386820941429
7577,17,82,0.472227545868167
7630,19,48,0.43476232530954306
7638,6,36,0.4298330478603662
7643,21,60,0.5455749728626972
7647,15,90,0.42857153163336736
7653,13,16,0.5357195767019561
7659,83,82,0.4721402853883927
7692,47,58,
7739,44,57,
7748,57,5,0.5688099588533094
7757,80,56,0.45573966225815343
7842,55,88,
7846,86,0,0.4367490037747336
7883,50,49,
7900,48,74,
7955,51,89,
7963,51,0,0.4308062160700688
8006,50,15,0.5356804128133015
8081,43,44,
8084,70,14,0.5029180368006364
8088,62,12,0.5569295952233658
8150,44,24,
8163,76,56,0.4431824452896984
8167,97,1,0.5289291754675768
8202,57,71,
8206,99,77,0.4853701057547346
8208,96,78,0.5002196290464347
8245,21,58,0.5698790305121291
8275,26,37,0.5698615859546259
8287,48,55,
8311,65,84,
8314,69,33,
8339,40,79,
8348,33,2,0.4325393901571241
8362,91,59,0.5567927652769137
8413,63,71,
8494,75,31,0.42932394506925914
8497,93,4,0.43479744575497603
8536,70,22,0.48816416143044156
8541,6,14,0.5466703875513901
8576,97,96,0.5354825105131732
8595,24,27,0.47790954784472167
8600,37,44,0.45224022725001206
8612,68,89,0.5698300330428261
8723,25,86,0.57137065453187
8757,18,24,0.5000129252459797
8784,93,26,0.5355983087967432
8814,87,29,0.4289754451021797
8819,3,13,0.5206475815241401
8855,40,41,
8867,37,0,0.4404947567036021
8871,58,11,0.434726425288357
8878,83,35,0.5706452103157179
8911,57,84,
8917,53,20,0.42956404748303895
8981,2,15,0.5713657880798868
9090,4,34,0.5206290295358299
9096,20,16,0.5395358186544432
9107,65,27,0.5030621725886661
9143,80,35,0.5358090403863628
9157,70,60,0.43808012995204443
9220,50,48,
9223,79,3,0.5619037752330729
9302,15,46,0.4295773266341677
9318,73,58,0.5539894655858438
9361,70,47,0.4295547686058357
9490,16,37,0.5357344925143402
9609,33,79,0.4852521054844748
9623,41,72,
9641,63,3,0.548854589035618
9674,35,40,0.535749406248527
9683,65,70,
9700,5,24,0.5499697971865496
9707,84,86,0.4628207858652566
9782,49,5,0.43121205002923835
9841,21,92,0.5698941597879984
9860,96,74,0.4942331989180559
9885,47,27,
9937,81,95,0.42930535736948117
9945,63,2,0.501438875225915
10098,56,0,0.5706688808163439
10102,85,12,0.4404471579067867
10139,81,27,0.4581000472927132
10144,76,40,0.5687687870729015
10148,75,74,0.5498619866949362
10153,72,54,0.50011627726792
10170,15,79,0.48799644634613165
10177,30,28,
10183,46,29,
10191,97,27,0.44301714316921614
10214,55,68,
10238,28,87,0.568345221315301
10255,27,78,0.570877535934498
10358,98,23,0.42883426055539464
10364,97,7,0.4938877397559204
10368,63,74,
10478,67,70,
10560,56,56,
10569,98,92,0.4531310805757707
10649,43,57,
10669,35,99,0.551144383203918
10714,36,50,
10718,65,12,0.44047094648658824
10755,80,44,0.4557261436752354
10762,71,27,0.5530263252655095
10857,43,63,
10871,53,73,
10917,44,29,
10921,55,30,0.5356654894749148
10956,5,69,0.4293276903550957
10969,67,63,
11002,98,94,0.4289355444186902
11089,48,14,0.43812311084550754
11104,72,14,0.51477529391128
11110,63,96,0.5576754879341626
11277,9,51,0.5701705881069727
11289,94,97,0.5698127741040886
11381,28,21,0.5356990640682886
11409,19,31,0.47937304436375
11436,56,78,
11475,13,88,0.47221564383146747
11478,22,78,0.47659858673328714
11505,90,26,0.4488781807033647
11508,97,80,0.4295342255145591
11553,25,25,0.43815001959185357
11560,35,52,
11568,37,97,0.43042348743742787
11621,30,86,0.4367550071450122
11624,87,36,0.5578616421922022
11640,90,73,0.571357593733894
11649,73,77,
11731,46,4,0.5235193812875086
11737,44,9,0.4288195248630999
11820,27,61,
11879,11,63,0.4708937634202655
11913,81,30,0.5663731150327865
11984,26,87,0.4521170734431419
11990,3,17,0.5714130047925887
11992,18,30,0.5177805877118956
12015,71,30,0.429585986980652
12068,39,1,0.5695363673534104
12146,7,56,0.43472817419616794
12176,10,59,0.44053409084292
12196,13,56,0.45224022725001206
12261,49,17,0.5710413134263755
12264,77,39,0.5619123673622982
12281,53,60,
12282,87,58,0.5408940332654582
12291,29,71,0.4764298104300795
12308,63,82,
12318,32,76,0.5618101034781916
12340,88,50,0.4681087048215058
12454,3,9,0.4580163886910108
12463,73,27,0.4413961610202912
12493,64,23,0.535771772951454
12503,2,74,0.5531343850447922
12518,73,68,0.4838283567261352
12536,25,46,0.5248611290505615
12569,3,2,0.4568145019169512
12582,10,72,0.566922246152905
12590,71,6,0.5610596717336259
12659,27,90,0.4616197160530765
12683,43,21,0.47091736088230807
12774,53,15,0.4330664830099319
12788,39,85,0.5632420028677927
12831,94,63,0.569905679696055
12855,68,58,
12902,86,83,0.43466362266703706
12919,47,50,
12927,49,95,0.4312469649582626
12953,93,63,0.4298707929893641
13006,48,46,
13013,52,98,0.5061530318507016
13072,6,48,0.5419574899035892
13093,55,55,
13154,79,2,0.5698490021094307
13166,45,78,
13234,39,20,
13310,88,36,0.529171122427266
13325,36,80,0.43675100466826927
13327,65,95,0.4382363635528931
13406,74,69,0.4724558433642063
13408,3,34,0.43475356001626214
13414,72,15,0.5454704411837152
13419,84,72,0.5418423989962768
13431,52,25,0.46694978635428247
13455,1,23,0.44691314030496243
13474,6,69,0.447977977226569
13522,28,26,0.4709665344805654
13526,12,20,0.46047854106821656
13534,85,48,0.5713600670554275
13542,5,33,0.45561977487403793
13554,31,72,
13610,33,1,0.4709330946380797
13622,94,10,0.45573290264489663
13678,48,7,0.5683702033587996
13723,25,55,0.43816725962473013
13740,57,85,
13741,91,10,0.4405722892360446
13752,41,84,
13766,52,29,0.5698570974371018
13789,2,51,0.5698754600143102
13818,68,48,
13882,53,43,
13916,79,68,0.5073112009174418
13923,68,51,
13957,47,0,0.5249277285220615
13989,72,11,0.5698834879195918
13996,2,69,0.4347746066790047
14034,66,96,0.5490380648803675
14044,51,75,
14059,89,10,0.57137065453187
14071,38,35,
14140,37,78,0.5683489749573293
14159,28,75,0.5249842178228329
14215,6,11,0.5540725565701261
14228,93,20,0.5190834254858565
14234,90,49,0.5498681532797575
14310,76,10,0.5687746049786914
14394,60,21,0.5455749728626972
14407,75,60,0.42857155441531336
14408,0,77,0.5713623112153311
14416,52,61,
14429,57,7,0.5714138910868773
14436,56,36,
14511,28,11,0.4522146156481761
14515,31,96,0.5610216522254025
14520,13,59,0.43816725962473013
14527,82,93,0.5012752640152449
14531,54,15,0.5455650245403706
14540,68,96,0.5292340023741378
14554,85,0,0.5356244396018622
14574,30,36,0.5603260310860352
14605,92,10,0.429355756489612
14841,42,40,
14885,67,80,
14888,84,62,0.4380629627981089
14917,84,5,0.5640245501506324
15045,41,88,
15057,42,72,
15091,52,85,
15104,83,75,0.4554916700000428
15145,82,85,0.5501188238518291
15304,74,3,0.5075446236874533
15323,40,89,
15362,81,84,0.5305895616858708
15446,67,66,
15505,95,29,0.5669979562297451
15539,59,54,
15540,62,77,
15549,58,50,
15602,43,83,
15620,70,1,0.5192763159935361
15697,55,17,0.5706553539018815
15776,19,81,0.5695186029286059
15789,57,87,
15847,78,52,0.5569711824474566
15883,64,51,
15925,3,66,0.5578237436824113
15997,19,30,0.4895834108592841
16169,87,10,0.44044478023918515
16177,77,81,
16184,53,99,0.4289818736130672
16189,38,17,0.4288240276440394
16204,40,1,0.5192306996046085
16230,84,53,0.4348044812213843
16243,50,17,0.4895259002830092
16245,24,24,0.4656035198235373
16285,2,39,0.5356953340767553
16345,87,72,0.44780567260832543
16367,64,44,
16431,24,13,0.4521970141196515
16434,60,73,
16471,63,91,0.5619466998684104
16486,58,43,
16492,42,62,
16506,21,56,0.5610708417372938
16518,7,41,
16527,1,14,0.5683807906289683
16546,58,64,
16561,54,58,
16611,60,69,
16679,98,57,0.5683264195714203
16693,73,57,0.5207629819175728
16702,69,7,0.42896997522197744
16750,93,65,0.5688468013355745
16756,89,46,0.45669968063239647
16765,32,88,0.45323190111487893
16843,82,42,0.5569685847986101
16857,54,68,
16873,46,66,
16891,57,92,0.4569483963376452
16987,70,46,0.43301625132954535
16990,81,61,0.4534389302530567
17003,46,62,
17024,43,49,
17071,95,94,0.4438630077072309
17072,68,28,0.5060543483990404
17078,52,87,
17095,61,28,0.4522530372176144
17212,58,4,0.5531142344858978
17261,78,2,0.5569477961542805
17272,3,91,0.47083871749163764
17367,58,77,
17419,0,3,0.5455301936764826
17466,93,81,0.5421611062479523
17483,94,80,0.4558039106646278
17538,44,45,
17564,59,10,0.44053409084292
17577,22,66,0.5291160802055298
17595,45,34,
17619,74,86,
17665,90,45,0.4285715795338664
17689,31,55,
17694,44,44,
17719,40,58,
17793,34,2,0.47096259998554674
17803,21,54,0.5133370490320669
17824,99,40,0.549858903130668
17883,35,75,0.5619080717476911
17890,38,71,
17959,14,41,
17968,92,63,0.5409116850889762
18009,26,43,0.5357456780098484
18055,42,71,
18097,77,30,0.5713617536769743
18105,29,78,0.5356281720561901
18111,77,5,0.4366601968641665
18177,40,95,0.535846294805774
18194,5,62,0.5639547072816506
18209,5,60,0.5356692205040109
18210,50,65,
18241,92,17,0.48381157912953043
18246,60,41,
18290,91,66,0.4724876327867714
18301,58,20,0.4293456067404204
18374,96,89,0.4725472551982657
18380,98,63,0.5013010978315323
18393,99,14,0.4835495520782072
18409,61,94,0.4326040408175637
18497,71,79,
18567,90,24,0.4823570956455327
18579,80,53,0.4295497902104405
18583,72,51,0.5577211815850314
18594,39,89,0.5058419252091346
18626,71,74,
18635,43,29,
18646,48,84,
18661,31,80,0.44395632852963796
18663,5,50,0.5357456780098484
18780,60,29,0.42958237402381305
18790,9,92,0.4521138780774144
18801,82,73,0.48385771978261927
18821,50,40,
18855,48,5,0.5713645180241449
18863,11,51,0.569532426779603
18956,16,61,0.5015529680990533
18977,59,73,
18980,84,26,0.5465888344081915
19026,69,76,
19063,4,47,0.535741949641244
19093,63,34,0.5356505640623224
19145,77,57,0.5207712225426803
19167,6,15,0.566411236014834
19180,55,5,0.4381629482678545
19188,16,40,0.5395501636041033
19191,40,28,
19212,83,95,0.5706285867927439
19257,56,75,
19274,88,34,0.5617949901365109
19369,27,7,0.5206558263645382
19456,76,65,0.5193467973667599
19470,17,94,0.5358276692238659
19503,67,56,
19504,16,10,0.5395322320577476
19546,7,11,0.5148532288708919
19559,4,91,0.5684143016524797
19629,41,37,
19648,85,86,0.5713744064437872
19720,4,0,0.511912286552
19729,45,58,
19734,39,38,
19758,55,33,0.4555860404542031
19813,89,43,0.5149879916100117
19840,54,47,
19863,69,54,
19936,94,24,0.5658996142359334
19960,33,13,
19986,39,15,0.43967744040283413
20007,67,12,0.5408198550470145
20026,48,34,
20065,5,23,0.43669606388836185
20111,93,48,0.4478233150335761
20115,83,51,0.4708229938975382
20116,76,51,0.561035078196749
20121,91,93,0.4853869663473255
20122,89,99,0.5694828284939703
20137,78,86,
20163,41,50,
20172,90,2,0.49689266553971184
20201,60,74,
20228,37,26,
20234,4,12,0.571037047489801
20260,29,23,0.5148700772468875
20262,30,33,
20297,60,55,
20306,82,70,0.5509168890220973
20307,99,24,0.43733504516929383
20348,17,85,0.5706464818590454
20358,76,79,
20403,12,40,
20422,52,27,0.5408057184404579
20436,58,62,
20444,38,13,0.4722989771534653
20459,98,37,0.5611789026344463
20472,5,9,0.46824171208284193
20479,42,10,0.5443886727174968
20534,82,40,0.5509500996351431
20550,75,10,0.5356431005784915
20583,3,32,0.5407774381089453
20604,72,70,0.5668981293625426
20615,18,87,0.5134956624146513
20653,56,7,0.43472817419616794
20670,24,40,0.44894439185448776
20719,84,91,0.4725234035367884
20733,96,65,0.4296041477342138
20734,24,8,0.5290610172414711
20770,45,70,
20850,88,25,0.5639259149265676
20852,19,75,0.42932519247034245
20936,42,12,0.4353578430305604
20946,10,98,0.5633646793816606
21035,93,92,0.457010274082319
21088,4,38,0.4709665344805654
21111,52,0,0.4969701080270544
21124,51,99,0.5342548741825833
21179,63,70,
21236,80,54,0.5120438925481661
21247,48,45,
21274,71,66,0.48355793334619424
21382,37,89,0.5710511029632602
21440,14,15,0.46690207543637796
21443,18,39,0.47795255207952936
21465,34,28,
21496,96,6,0.46570546744026053
21509,21,62,0.5075274944800495
21533,80,58,0.4293583041981804
21568,20,59,0.4405364766217907
21570,48,92,0.47665555641510865
21585,52,74,
21637,28,10,0.48810046420145786
21667,16,60,0.5317100754157029
21681,83,62,0.4288349992380252
21694,3,16,0.434748303686091
21845,99,87,0.43199075965225986
21873,65,13,0.5318161465508231
21903,64,50,
21961,62,21,0.5075274944800495
21980,25,10,0.5357233058498235
22034,89,20,0.5713708277972066
22113,61,81,
22137,38,28,
22149,90,32,0.4311675722424848
22168,50,3,0.524931764061529
22175,53,49,
22196,2,38,0.5369841565768537
22231,19,1,0.5568918610445247
22247,63,49,
22290,99,31,0.43409292499010677
22295,82,16,0.553148772507366
22344,30,56,
22397,4,31,0.501509914634633
22418,63,60,
22473,65,82,
22503,90,1,0.5498928123678594
22534,19,66,0.4288163078919944
22633,79,95,0.5670247919063718
22649,64,5,0.5713683784761504
22658,12,22,0.47934624729120756
22701,0,81,0.5663778877564969
22712,19,88,0.4522914837777351
22801,56,53,
22810,93,95,0.5688651264933464
22885,20,4,0.43304920851281575
22919,13,17,0.49401646590710474
22939,95,38,0.5639124606015855
22973,42,89,
22977,38,34,
23079,40,25,
23086,8,83,0.4837864145001441
23111,50,38,
23129,59,22,0.5074097193814978
23177,45,73,
23200,89,54,0.47246379011944317
23217,48,35,
23249,62,71,
23281,46,5,0.5248692030253478
23295,96,36,0.49089794792237534
23333,98,53,0.4721561472892169
23396,86,51,0.4835495520782072
23400,27,97,0.44301714316921614
23441,41,78,
23595,77,70,0.4670452644733763
23610,19,2,0.5074611146755805
23639,40,53,
23653,84,82,0.5146573033667105
23681,44,62,
23700,34,21,
23709,6,29,0.5610909337587672
23718,76,67,0.5073197683011974
23760,91,83,0.5150637711684478
23773,24,75,0.4307934090358728
23784,27,15,0.5603018076216606
23800,48,0,0.4397085937347807
23819,64,55,
23820,6,45,0.566401718801103
23828,23,31,0.5710395200828507
23856,17,77,0.5467404384656978
23858,38,30,
23914,0,4,0.511912286552
23929,78,79,
23960,74,34,0.5235803645895456
23969,67,60,
23976,35,74,
23981,29,68,
24073,3,39,0.5679258275883976
24090,36,37,
24103,43,62,
24107,47,81,
24141,26,27,0.5698718854528189
24145,16,93,0.5698941597879984
24156,41,66,
24159,4,1,0.540765062480672
24164,32,10,0.5510224813549608
24226,95,58,0.48938960670174275
24287,23,93,0.5207712225426803
24302,56,62,
24305,97,90,0.5251334251888231
24349,21,13,0.42896364068311726
24381,74,80,
24422,47,8,0.5611143517177747
24471,81,11,0.45339975425007606
24567,42,75,
24568,31,26,
24600,51,16,0.554097872323654
24654,46,68,
24673,26,25,0.5192265522404662
24682,93,34,0.5698968220392708
24693,15,40,
24705,8,10,0.42933803757202654
24741,29,52,
24806,11,75,0.5632620095039079
24850,17,34,0.5698633795841511
24878,65,96,0.4296041477342138
24943,34,18,
24962,82,80,0.5509017858852557
25037,35,0,0.5356990640682886
25126,16,31,0.5407509166829865
25225,33,43,0.443079521518311
25257,95,47,0.5117530301824584
25258,28,50,0.48813443484918423
25299,73,82,
25308,88,82,0.453170088479979
25366,50,51,
25378,55,80,
25401,85,64,0.5713725461827248
25420,87,24,0.4780385870370554
25426,94,43,0.4346845226917052
25449,46,37,
25473,14,10,0.5029868792949919
25523,62,23,0.5611299500853497
25560,93,87,0.42988062314982645
25577,75,24,0.4307934090358728
25601,64,16,0.5714115797396657
25610,17,14,0.43474392504150056
25613,28,62,
25615,48,26,0.5148089977766473
25621,28,78,0.47660265544387936
25678,31,12,
25680,11,60,0.4668601053767425
25683,52,99,0.56990479507372
25727,39,27,
25730,32,8,0.43415868902882176
25733,75,92,0.44414774476357827
25827,34,85,0.4405722892360446
25873,91,69,0.5057904207710311
25908,66,60,
25921,98,34,0.47108855609738165
25965,36,5,0.4668906276120717
25974,21,24,0.5304260225780596
26099,89,53,0.4468152924418432
26105,44,39,
26110,11,36,
26114,31,85,0.5442755584404025
26156,12,3,0.4479293128770362
26201,80,61,0.57137186194152
26262,30,78,0.44489949513114313
26270,99,10,0.54987431913955
26349,39,65,
26350,74,53,0.4346984750344113
26356,14,57,0.45216822295656733
26380,25,21,0.48807286508804815
26397,37,79,0.5289527976100202
26400,51,11,0.569532426779603
26457,34,72,
26493,4,11,0.45681278687028715
26632,93,59,0.4853195290860063
26676,59,5,0.4604301283197468
26678,16,68,0.5531286287077515
26698,59,16,0.4567716375269752
26710,37,24,
26766,51,38,
26772,56,54,
26800,14,87,0.4347921716435801
26805,96,44,0.46286124094765574
26807,90,46,0.5120566263870535
26816,95,7,0.4490574587381378
26847,94,90,0.5706974233145637
26890,66,22,0.5291160802055298
26978,65,31,0.5443093428263968
27000,53,56,
27039,55,47,
27062,45,64,
27105,27,49,0.4851931210878944
27114,86,46,0.4431876651952422
27142,52,57,
27249,68,17,0.4722553208195468
27268,39,53,
27279,3,52,0.4568453794657293
27311,23,78,0.4568900027974738
27440,89,51,0.569506714494869
27441,22,84,0.5291514668745921
27475,81,32,0.5075745987441688
27637,73,79,
27649,85,55,0.43821474386887915
27662,65,85,
27678,39,90,0.461843338761523
27681,75,8,0.44407266073155127
27713,51,95,0.5511503951536938
27722,86,52,0.5617863489996797
27787,0,68,0.4311848571679862
27824,22,51,0.5075103648349442
27843,62,87,0.45694496017107095
27876,35,9,0.46825714211388125
27911,39,51,
27936,70,64,0.5028621002717207
28012,6,1,0.47232080989021247
28015,2,80,0.5633428011618842
28021,63,84,
28025,31,41,0.5586751594926865
28036,20,18,0.4311998829599027
28051,21,61,0.43412950697191244
28067,79,80,
28092,57,73,
28151,42,54,
28172,32,41,0.4522338233077514
28192,93,70,0.5190211706747065
28195,78,39,0.47782356594918224
28238,13,13,0.5658454967981632
28262,53,34,
28327,18,38,0.47653349894172753
28334,32,7,0.561105433477767
28348,53,5,0.5118719473315484
28367,77,35,0.4366522365426087
28378,69,17,0.5618951795038584
28391,12,4,0.571037047489801
28396,59,8,0.5698570974371018
28409,18,8,0.5568983700400306
28423,5,13,0.5317621576101652
28430,36,88,0.529171122427266
28439,91,68,0.4523427846978255
28461,70,84,
28479,15,75,0.4999160326967523
28538,80,79,0.5247278563693524
28594,30,74,0.4489022470861925
28637,98,65,0.46708347669488315
28639,58,5,0.4895173807868084
28683,13,64,0.5074054362648968
28710,25,41,0.460444470106521
28741,74,81,
28780,66,80,
28850,73,80,
28861,26,68,0.5618208919825656
28950,37,22,
28959,26,21,0.4288206018438373
28984,4,23,0.5698660681239367
28985,87,51,0.43202242507128985
29019,48,23,0.5407986492472221
29097,75,90,0.4285717033741315
29140,49,69,
29254,84,51,0.5132481957090747
29281,80,99,0.5498095414635977
29313,38,70,
29325,24,57,0.42857145277276626
29368,51,71,
29369,42,36,
29397,43,7,0.4630213822510061
29400,84,81,0.5305895616858708
29422,71,63,0.42897636036312486
29444,84,85,0.5640703053010981
29449,35,91,0.46035845392046093
29451,24,91,0.5541540725198159
29571,56,96,0.4628465281178153
29590,18,54,0.5419470339496727
29635,95,30,0.5355908416877085
29636,23,11,0.43814571183155265
29643,2,41,0.43473692229363076
29744,45,99,0.5175990977851977
29762,85,62,0.5639086144178891
29763,97,81,0.5529281167800159
29790,33,12,0.5303967986074214
29805,41,10,0.44051978070902664
29893,93,91,0.4853869663473255
29942,72,21,0.4285714773071786
30104,56,20,0.4556720950991755
30116,5,94,0.44394298169611707
30132,89,21,0.4341062141173035
30143,7,75,0.5688191934893664
30147,41,95,0.46034412595341057
30265,58,58,
30275,28,6,0.4469261074811982
30377,57,98,0.5683264195714203
30454,74,76,
30482,0,57,0.4308271047397488
30485,49,0,0.5499513311762125
30566,6,66,0.5646036444976054
30594,75,86,
30605,69,44,
30622,61,69,
30630,43,4,0.5074397004427943
30657,67,62,
30701,36,32,
30706,32,23,
30712,48,51,
30768,0,85,0.5356244396018622
30795,29,55,
30800,80,3,0.5249842178228329
30826,32,40,0.5510074106339954
30841,8,90,0.5444594878768073
30846,76,90,0.44882707913247705
30870,32,82,0.536906760116476
30877,51,91,0.453445461956773
30910,65,75,
30926,94,19,0.5684180139111265
30927,30,89,0.46679527123197845
30982,44,98,0.42894560073661475
30988,50,57,
31001,71,76,
31050,3,84,0.5578464884649562
31092,91,27,0.42897636036312486
31165,71,24,0.42881524022544876
31266,41,96,0.48353698062471173
31268,9,21,0.45109832032535707
31272,62,64,
31273,27,91,0.42897636036312486
31301,77,53,0.5657986698234885
31314,42,60,
31341,36,73,
31344,54,83,
31358,4,27,0.4521970141196515
31372,52,40,
31376,1,52,0.4522338233077514
31409,62,56,
31433,57,39,
31443,85,54,0.42959613729823654
31479,62,14,0.42895668647432744
31493,55,77,
31494,49,2,0.4522306215970409
31496,47,93,0.4414355800839382
31498,91,20,0.4405746784720143
31501,63,41,
31527,49,58,
31572,36,16,
31576,53,13,0.43044890398674784
31591,52,18,0.4793132706334232
31627,15,16,0.5639824901748152
31642,50,78,
31722,59,45,
31727,0,40,0.43812956574031264
31729,6,68,0.5710302643567164
31794,67,96,0.5699083320385184
31798,38,55,
31807,55,83,
31832,7,1,0.43814140497055654
31840,48,10,0.4969744104929263
31850,46,77,
31853,82,61,0.5698363685033853
31870,59,17,0.5149037714035709
31880,6,0,0.47370491370469675
31896,21,19,0.5370117838093463
31900,82,89,0.5698236851453672
31924,42,81,
31926,16,20,0.5395358186544432
31938,21,80,0.42958815782600623
31965,14,78,0.5147626540752037
31983,54,99,0.5305778868129242
31984,42,64,
32008,43,72,
32010,87,96,0.5576449877626833
32011,18,68,0.42858564498921303
32057,97,75,0.4331268187473986
32113,51,56,
32117,73,26,0.45226905358178265
32175,83,42,0.5683439696044529
32179,26,50,0.568785061460192
32211,77,58,0.5539838261143534
32240,94,85,0.4438789878222987
32303,96,56,0.4628465281178153
32404,93,57,0.4654394627067357
32442,61,65,
32501,78,77,0.45695183266070044
32541,84,59,0.4724598166917742
32562,81,60,0.5663587838348768
32586,6,22,0.44692322554885444
32618,36,1,0.48367110381126205
32675,26,96,0.49416452515276105
32676,53,40,
32691,57,75,
32706,0,48,0.4397085937347807
32719,42,19,0.5356878737044457
32740,26,4,0.44134082022997667
32746,98,70,0.5633964524962989
32759,84,93,0.477713070049303
32767,62,24,0.4469607057132114
32797,71,91,0.4795380189950614
32806,78,98,0.5570308711993549
32832,36,10,0.4367090341926681
32874,87,70,0.440406767002955
32878,53,63,
32891,11,55,0.49705400807879
32916,30,9,0.49550091508496286
32924,65,47,
32926,20,90,0.43808012995204443
32932,9,67,0.5530378645650089
32935,81,65,0.4293152420341574
32991,42,48,
33009,96,19,0.5610261284364599
33071,12,41,
33135,62,45,
33144,92,71,0.45234920043179483
33171,80,1,0.5192970479144301
33262,45,53,
33271,76,85,
33312,59,35,0.4604157888341303
33315,13,65,0.5318161465508231
33320,39,83,0.4289754451021797
33341,75,71,0.48793701931517375
33354,58,71,
33375,35,86,0.5713710008031296
33397,9,39,
33435,47,72,
33456,53,87,
33476,19,45,0.42933269845444016
33492,78,17,0.5014044313593583
33584,39,16,0.5610842384164355
33600,16,17,0.5698660681239367
33658,45,82,
33659,69,10,0.4896345371655211
33662,16,75,0.5640169112577135
33672,44,71,
33703,0,74,0.44891127504450623
33721,35,18,
33742,18,14,0.44692322554885444
33766,91,99,0.45352389516869046
33846,94,2,0.4289495730085387
33864,86,60,0.43677302966849446
33890,59,24,0.554109118657746
33940,10,53,0.42956476303500385
33944,97,48,0.4569483963376452
33948,12,32,0.4765253645018701
33981,55,1,0.43121437069172125
33991,1,90,0.5498928123678594
33998,45,40,
34086,78,21,0.4285714930792993
34221,57,2,0.5683664623883186
34259,0,70,0.43810590768919333
34289,77,38,0.5611522145806522
34293,99,47,0.4289809521566827
34295,50,1,0.5192431412776165
34296,7,5,0.44896698437269456
34308,29,16,0.5683845230252957
34315,33,37,
34329,80,71,0.524744015857234
34368,15,49,0.5510601378704766
34435,74,93,0.5355385574421148
34449,52,45,
34464,30,88,0.4605754450736642
34527,75,75,
34537,64,68,
34622,35,92,0.4894279353017616
34737,78,66,0.5418633369480848
34769,26,91,0.43258694083583205
34784,74,28,0.47102950074308225
34788,92,38,0.5061187085040687
34792,81,58,0.5355908416877085
34843,12,27,0.4374127072281066
34844,93,79,0.47075225873552795
34848,21,38,0.5074932347530046
34878,83,91,0.5150637711684478
34927,23,15,0.5030019382223858
34935,75,12,0.49559761936658697
34936,49,47,
34949,72,4,0.43810375830692494
34979,22,29,0.5357307637560398
35013,43,75,
35037,48,36,
35065,15,44,0.48959619192575843
35130,22,28,0.4533133270103836
35137,88,39,0.43480096301421856
35183,99,96,0.530659589896275
35262,1,84,0.554137220724321
35265,55,45,
35266,76,73,0.4523235416535959
35293,60,60,
35304,1,45,0.5510541147761302
35329,56,9,0.4288180925108931
35389,23,17,0.5466817965351852
35416,1,91,0.4763972921693317
35461,89,18,0.4521170734431419
35499,74,52,0.5531602790002937
35554,34,48,
35561,44,53,
35576,54,13,0.5075103648349442
35600,20,28,0.4881047103812051
35616,35,54,
35651,68,36,
35676,83,58,0.4838325512722734
35711,45,85,
35723,86,34,0.5714102389955764
35804,65,33,0.4555725512057081
35826,16,2,0.4709507971337989
35864,79,67,0.4468152924418432
35872,60,1,0.5499390168713156
35893,71,13,0.5289842879061025
35920,67,71,
35982,95,90,0.5355011960493156
36002,67,73,
36038,95,24,0.5498774017975324
36041,77,29,0.514945884223065
36051,11,30,0.46689444343317965
36090,97,45,0.43310867717510526
36111,50,58,
36130,36,38,
36173,66,62,
36180,54,21,0.5133370490320669
36222,38,58,
36227,55,0,0.5356766821731898
36272,93,94,0.5077158914650923
36279,40,99,0.549858903130668
36332,94,15,0.4896941913780173
36352,74,2,0.5531343850447922
36366,31,91,0.5587291356147798
36374,62,46,
36394,57,11,0.5530494007800136
36434,48,20,0.4969701080270544
36449,90,97,0.5251334251888231
36454,28,41,0.5074311345602724
36467,15,57,0.48218814572052937
36481,95,67,0.5706337202082935
36531,71,72,
36551,92,62,0.5061530318507016
36574,86,39,0.4288113453711601
36642,49,27,0.4851931210878944
36667,82,13,0.5540063792902987
36695,21,20,0.4295737290348161
36726,11,1,0.4793565534824349
36820,43,74,
36845,49,39,
36898,42,0,0.5262710735362041
36952,13,11,0.5710377226079725
36978,2,89,0.5358127664142298
37036,42,26,
37053,13,87,0.44303792270319214
37054,4,28,0.5618532237864765
37071,15,20,0.5357065236620584
37148,74,16,0.52356816947029
37152,70,52,0.5633507601019846
37158,58,91,0.5698327497631533
37169,58,61,
37215,76,68,0.5617841881540109
37260,15,39,0.43967744040283413
37263,19,25,0.5443566139072125
37277,43,22,0.4288247518402836
37334,68,9,0.5698817057186063
37370,97,61,0.4467923018764041
37395,10,78,0.5669177289972968
37431,48,50,
37456,16,27,0.5074803869054865
37505,48,98,0.558555802204367
37509,89,2,0.5358127664142298
37546,10,87,0.44044478023918515
37585,16,41,0.45679220937175
37596,88,49,0.5698372725538609
37612,70,16,0.5395896003533205
37633,62,4,0.4709980142385793
37638,32,68,
37642,53,37,
37676,70,58,0.42935512020439576
37763,51,65,
37811,96,66,0.5490380648803675
37907,56,31,0.568396948189343
37919,28,98,0.4342105628428847
37948,68,61,
38001,30,65,
38079,67,97,0.4631688631080823
38103,14,48,0.43812311084550754
38119,0,73,0.5713626816106572
38127,22,25,0.42956906172297415
38190,26,85,0.5193177780818365
38198,5,34,0.4405150123938287
38238,51,80,
38239,80,23,0.4669956064948311
38242,79,66,0.48354117104939187
38256,47,62,
38259,9,6,0.5304143337359469
38303,91,77,0.5288661645895457
38308,93,97,0.44149481084364284
38340,8,16,0.48514467750864304
38428,93,76,0.5355348218838892
38449,66,30,0.4287171567692748
38458,58,18,0.556926994262608
38464,78,75,0.5454006622678993
38522,45,25,
38546,88,79,0.43466536302976155
38566,82,7,0.561147763459506
38584,98,50,0.5633805733109157
38587,88,57,0.4324928182358272
38658,28,14,0.5530911936926667
38783,11,28,0.4522146156481761
38786,65,29,0.5669740360567284
38841,89,37,0.5710511029632602
38866,64,93,0.45206916123808344
38877,63,16,0.5356617583161842
38945,50,29,0.5248530547143214
38969,76,84,
39018,25,83,0.5706464818590454
39076,90,13,0.44044002555339196
39120,83,92,0.4839038675351194
39139,85,6,0.4896686243855124
39177,67,34,
39182,50,2,0.5633169091683122
39195,62,91,0.535864917130394
39218,83,22,0.5611522145806522
39241,37,57,
39250,72,80,
39276,15,83,0.45555232217766245
39359,50,68,
39400,31,99,0.43409292499010677
39419,41,41,
39467,36,45,0.4617669206556663
39477,99,52,0.56990479507372
39564,39,84,0.4373474495847262
39575,14,86,0.44128436120729897
39605,91,78,0.43483089798490737
39751,71,12,0.5075403414266974
39792,32,33,
39840,20,86,0.5028793117002351
39876,35,63,
39897,34,81,0.4288127580593843
39954,38,42,
39970,65,20,0.535771772951454
39975,8,78,0.4285853034500153
39995,51,28,0.5075146472872227
40004,71,99,0.5057646674137789
40051,27,64,
40058,25,97,0.5117700204050143
40093,26,63,
40180,7,67,0.5658221067568653
40190,24,0,0.48224445061278726
40294,97,23,0.5657919649463098
40295,53,46,
40300,2,90,0.49689266553971184
40331,83,3,0.5714149203767497
40398,21,76,0.4288145297414358
40423,92,32,0.43420553275014345
40462,86,15,0.4668105231894148
40484,1,57,0.5618822791610616
40498,11,40,
40543,2,68,0.5695564993184706
40603,11,76,0.5684043913550544
40631,60,57,
40637,1,86,0.5684105871558267
40693,50,87,
40702,16,35,0.4405173964433171
40762,53,79,
40860,11,86,0.540676612383236
40942,80,68,0.5509229289814277
40968,98,54,0.44703865320826675
41000,9,41,
41034,17,74,0.5073840202784516
41060,87,16,0.5356169743047645
41082,32,47,0.42882584007491703
41097,47,6,0.45218101729099236
41147,79,82,
41172,89,70,0.5713733956472811
41183,55,84,
41192,85,49,0.4312399639760934
41209,7,82,0.561147763459506
41249,97,17,0.4631172203996507
41250,47,88,
41261,69,96,0.43731026093922154
41267,40,43,
41280,89,66,0.5610059785005206
41301,19,29,0.4285874605621287
41335,96,27,0.4780631749252498
41344,45,7,0.5688053355326153
41369,33,7,0.44309513473081263
41376,82,22,0.5060800930381583
41399,62,67,
41414,47,30,
41429,51,30,0.43080301091598733
41479,29,98,0.5698363685033853
41509,77,40,0.4670032448650193
41525,84,73,0.5076431080848205
41553,26,73,0.45226905358178265
41687,28,44,0.4851109818376882
41708,96,95,0.42961585454437407
41710,16,80,0.5396075203935896
41735,92,20,0.42935639303160095
41740,86,97,0.45238449934995534
41784,35,8,0.48954719968947463
41849,99,49,0.5371516453703955
41854,60,84,0.4287221475998306
41868,12,34,0.4381317178216839
41888,88,22,0.5695682345856526
41936,82,41,0.45229468878517964
41950,57,80,
42003,10,84,0.5316676225394366
42014,27,80,0.5713615673120933
42032,57,9,0.5679178312024911
42100,73,90,0.571357593733894
42137,96,42,0.4321162650450229
42151,87,85,0.539350922355
42180,25,50,0.5357531343572662
42186,92,78,0.42858302896542594
42248,67,22,0.5611344047621951
42273,88,59,0.5358537441265914
42311,99,98,0.5699250770973926
42333,71,60,0.42959250642671953
42411,67,84,
42441,53,51,
42454,82,9,0.569887938976868
42460,50,99,0.5498496513505667
42518,16,30,0.5317447992147667
42554,6,3,0.47792797714811963
42589,2,4,0.4851488897106565
42598,12,6,0.4320681934287324
42659,25,29,0.5669560550291192
42689,84,69,0.5305662109396968
42726,29,44,0.501535746780144
42806,32,83,0.47221564383146747
42826,67,5,0.5706528241684888
42924,59,9,0.43413283835370703
42980,52,69,
43041,4,22,0.5618553774418042
43062,3,23,0.443100340789767
43075,35,29,
43085,51,22,0.5075103648349442
43089,45,60,
43093,68,63,
43130,70,66,0.5316405998201174
43138,2,53,0.47228310071236146
43216,9,57,0.5679178312024911
43231,19,20,0.4440151150807193
43299,9,37,
43300,5,6,0.48956636996744335
43309,31,33,
43318,14,14,0.4413432775294005
43319,76,32,0.5618101034781916
43338,38,2,0.5369841565768537
43362,27,70,0.5713624965426858
43390,71,39,0.4341161910220727
43410,82,56,0.4710767431334177
43505,16,1,0.4325457615666232
43528,4,72,0.43810375830692494
43529,36,69,
43536,38,36,
43593,88,58,0.5061358703558028
43621,31,14,
43632,21,30,0.5455451234244988
43636,75,9,0.5712824430081797
43722,84,99,0.5131466230596826
43742,13,61,0.5710431026384571
43747,63,12,0.570872720608072
43752,95,72,0.5250890792721473
43774,9,97,0.4708229938975382
43776,3,81,0.43203831115423674
43819,82,84,0.5146573033667105
43961,38,25,
43967,39,8,0.5074889521643587
43969,83,8,0.4837864145001441
43976,5,92,0.4894449712348658
43991,18,94,0.5710234231340895
44009,93,2,0.5683439696044529
44012,43,81,
44036,18,31,0.507484669548525
44052,57,13,0.5234441420635353
44054,23,65,0.43666816086923205
44131,53,21,0.5618822791610616
44147,31,47,0.5148953481890651
44197,57,16,0.5698781382686497
44229,27,45,0.5602879547919528
44241,77,23,0.49393064627211164
44364,23,79,0.514945884223065
44393,31,94,0.5684204875068275
44428,47,33,
44529,71,18,0.4347781177755006
44690,93,99,0.49973516715608995
44693,58,38,
44718,3,87,0.5488168777767802
44729,19,77,0.5710466686678307
44789,48,24,0.4320801813416253
44812,70,54,0.5120226686080344
44855,63,51,
44866,62,98,0.5368366837687376
44900,49,44,
44909,60,72,
44966,92,90,0.5445537972133163
45031,11,17,0.5290472482640212
45034,74,64,0.5205135608791072
45093,28,80,0.48818964303534534
45103,42,78,
45115,29,9,0.5695383361238538
45157,52,93,0.5683326930288388
45169,81,77,0.4707836923378252
45177,75,91,0.46841926872208356
45211,27,41,0.42896634928900346
45231,23,14,0.5357233058498235
45254,30,94,0.5706825994015292
45310,35,7,0.44897903798232
45312,45,48,
45335,20,19,0.4440151150807193
45375,40,88,
45376,24,1,0.5610931650954574
45391,75,30,0.4285714930792993
45396,88,27,0.5013742927078505
45410,84,36,0.4656941354349112
45459,70,83,
45499,6,96,0.46570546744026053
45533,70,92,0.4293659719725763
45561,62,48,
45570,41,90,0.5640417240452529
45582,85,30,0.535613241462022
45597,41,75,
45606,38,9,0.5356953340767553
45671,51,63,
45706,36,65,
45709,82,62,0.4532123747020083
45718,61,26,0.5683981893384986
45723,45,8,0.4440405306355786
45738,86,25,0.57137065453187
45756,35,4,0.5248813133095753
45769,51,55,
45959,11,8,0.4347456763214509
45979,17,67,0.4304430234589624
45995,0,93,0.43084647144515115
46015,33,24,
46079,18,53,0.5408021839179924
46090,93,38,0.4324970410079587
46157,90,74,0.44883008361976207
46167,38,32,
46219,55,29,0.5669680462753086
46223,7,88,0.5539979233212762
46227,46,14,0.4431250808657305
46245,32,67,
46250,9,12,0.4285714317432678
46265,15,73,0.5030707773210487
46288,96,94,0.46277667169752545
46315,22,55,0.42956333218708964
46350,36,67,
46373,23,55,0.4366761285574023
46414,73,46,0.5698453975849719
46490,63,54,
46512,96,58,0.5146741617238304
46517,39,49,
46523,18,40,0.4311952551376228
46532,83,86,0.43466362266703706
46551,78,13,0.5683539763353269
46617,83,40,0.4894449712348658
46621,51,34,
46639,86,16,0.5714105305806011
