,x,y,value
10,95,16,0.487971982679373
39,32,81,0.49711937556203
45,33,63,
62,87,51,0.5095962115413711
73,52,99,0.5261546125716661
82,45,17,0.5289535154483699
84,36,23,
91,54,56,
101,64,53,
110,63,30,0.5133332538101126
118,67,31,0.5236094006721607
198,72,13,0.5239606919193424
202,96,86,0.5210457943223088
210,29,75,0.4758218963155707
213,1,33,0.47419619538947044
244,8,51,0.4769697587462869
258,78,48,0.5086522904837183
274,28,38,0.5281978898837598
335,68,50,
352,6,51,0.5293749400314628
356,33,3,0.5153087708677365
372,70,21,0.5292752440609156
426,33,53,
434,12,53,0.4845407391644386
443,0,52,0.5042917311447609
457,68,85,
481,3,36,0.479078224130233
544,53,43,
561,88,21,0.5282801380838037
565,46,68,
591,61,4,0.5230720634157272
673,62,96,0.4728110974696964
699,64,12,0.5079097729260776
712,11,7,0.528929538634039
713,63,17,0.47133586777175784
771,15,43,0.5003869203401767
781,0,3,0.5252828293881432
794,21,41,0.5077963861292527
798,99,83,0.4808566322842575
803,77,49,0.4747646635223819
824,25,66,0.4734350199076424
845,21,50,0.5047323007016948
860,51,84,
969,1,2,0.4934189577069841
996,82,83,0.5028470417688086
998,21,95,0.517889045638985
999,70,64,0.503658392071753
1047,92,85,0.4718529507434547
1072,59,9,0.5192455379500585
1109,21,61,0.4722418830206184
1113,2,51,0.5285849337128817
1165,16,99,0.4924715064215531
1173,79,25,0.47112020870033566
1176,62,68,
1197,19,26,0.4705888765089728
1203,74,13,0.5089174572233558
1208,40,13,0.4724568616550574
1244,50,62,
1282,14,99,0.5187771893540035
1340,19,3,0.47538957308165175
1368,60,75,
1383,5,16,0.48558404713490977
1437,30,15,
1443,40,99,0.47177602021532683
1449,23,85,0.5280653217291833
1490,91,48,0.4937800391117397
1536,80,27,0.5274232911699115
1559,10,91,0.517614305341641
1650,14,94,0.4735112884552652
1748,44,32,
1775,11,74,0.4992176633224194
1787,28,58,
1806,95,88,0.4900941715139011
1821,81,82,0.4872248572437907
1847,26,3,0.5140921985179415
1884,65,71,
1913,12,85,0.5060224457692827
1964,14,38,
2048,69,38,
2057,13,73,0.4724479748833797
2093,99,91,0.4729212436189856
2109,30,38,0.5112786749688342
2118,99,15,0.5144084819610538
2130,76,30,0.5232533931896987
2175,74,98,0.5264297624431642
2214,71,86,
2294,39,79,0.48989655742844473
2298,23,77,0.4844048541133048
2314,47,59,
2330,60,61,
2351,68,62,
2359,79,31,0.49390348385339644
2377,73,27,0.4712695020764322
2450,73,86,
2468,36,30,
2548,25,21,0.5103557271231627
2567,16,76,0.5213025531432119
2599,90,70,0.5199602414578308
2692,73,51,0.49314882682251815
2699,51,2,0.5285849337128817
2713,28,94,0.5176075853937003
2719,78,79,
2736,59,27,0.529366511438635
2749,23,13,0.5286566071043746
2762,23,87,0.5215215283800437
2766,32,38,0.48715653232001815
2771,64,44,
2804,73,92,0.4710275169478241
2850,69,17,0.5290485970597641
2928,19,41,0.5058657488844795
2939,37,52,
2948,44,77,
2985,59,42,
3020,76,20,0.47069076332772475
3069,70,57,0.4778528054843151
3127,25,61,0.48012620306309606
3162,36,20,
3172,4,14,0.5263854333083804
3233,1,42,0.5264776900506172
3357,68,74,
3378,34,84,0.47143304458225366
3412,90,63,0.4716923276789063
3433,52,60,
3478,26,39,0.514401336330155
3503,14,0,0.4725133202468993
3506,76,73,0.5291987831592905
3507,75,2,0.4937472410746003
3553,47,11,0.470689352104658
3556,50,82,
3613,10,53,0.49923463240861427
3624,24,78,0.4751618468721861
3696,57,71,
3772,32,6,0.4806655097207734
3788,94,47,0.4749877320516864
3808,81,99,0.5256734246516821
3824,35,42,0.4873915480194295
3889,87,85,0.4782959894373337
3910,17,17,0.5235892547747703
3913,14,91,0.5274657382923795
4032,92,60,0.5293761790183995
4065,16,25,0.5291407620906555
4083,29,83,0.4952261199275422
4120,17,83,0.47065636595749527
4142,58,37,0.4721459388171098
4168,32,45,0.500277659220952
4189,30,95,0.4716560821952424
4197,89,53,0.5134307298625376
4223,98,22,0.4747904582300372
4243,68,3,0.4962500621191892
4291,38,2,0.48252759530664957
4312,8,22,0.5222299453117495
4348,26,53,0.4938788618972702
4456,5,31,0.5032070661348663
4487,19,72,0.5257103718575618
4490,64,83,
4508,58,19,0.529380591447383
4526,38,29,
4534,50,92,0.5230875453172078
4568,5,96,0.5289002563213596
4669,87,49,0.4803754728715094
4707,71,48,0.5293486991475367
4736,9,15,0.4830047683491936
4756,48,60,
4759,83,26,0.4752387379690527
4903,42,13,0.4850157175226353
4950,45,52,
4984,71,2,0.47065692461031866
5009,69,18,0.504865129933416
5021,48,36,
5050,39,76,0.4712712986358433
5085,75,3,0.5125248440941432
5097,42,29,
5108,9,68,0.5281471181179155
5170,65,33,0.4708535981558745
5203,31,18,
5230,12,11,0.5167540907897512
5320,27,70,0.4937472410746003
5348,17,33,0.5170501401875535
5489,3,68,0.4962500621191892
5492,66,88,0.4852554712788943
5513,42,27,
5516,24,30,0.5004374514952763
5574,49,90,0.5257266541512786
5598,16,5,0.48558404713490977
5606,97,17,0.4776275884988079
5618,14,65,0.4754867100329697
5619,9,45,0.4948945109571922
5628,16,63,0.47608830251356243
5629,84,30,0.4910264204921362
5646,82,71,0.5018580761749725
5673,98,64,0.5158366148600684
5714,6,1,0.4881874611235053
5723,57,60,
5731,60,28,0.515921854249358
5765,93,32,0.526833128921086
5773,38,99,0.5290551397676345
5787,55,63,
5788,90,54,0.49451372158051365
5791,9,1,0.5188869010547122
5836,43,78,
5842,96,7,0.5094609017030887
5856,34,64,
5872,67,74,
5874,37,43,0.5269589794170361
5877,60,25,0.47608830251356243
5886,55,35,
5889,66,79,
5891,37,90,0.5197931234353285
5907,9,5,0.5249724701815183
5940,39,44,0.5217212642732091
6014,33,98,0.4982091233465746
6015,50,61,
6024,2,72,0.5061785843417428
6025,0,56,0.4868847884507811
6067,27,50,0.5282708997724873
6141,65,78,
6189,7,79,0.52678118984664
6200,36,29,
6224,34,94,0.486764245809889
6305,30,70,
6317,71,91,0.5010594805183277
6321,11,60,0.478738131765798
6329,38,74,
6347,41,40,
6367,96,78,0.48310124938012
6411,34,96,0.5277413174150531
6415,8,45,0.5181220121580118
6419,84,9,0.48809496873056885
6435,36,45,0.4706047086939005
6462,49,62,
6475,76,13,0.528190722854478
6485,7,25,0.510575822956653
6499,3,99,0.5060633119886943
6508,90,99,0.5025789238787679
6546,89,60,0.4754310031880904
6554,63,93,0.47490402722765146
6555,76,65,0.4706592359879185
6576,24,99,0.4751483754662141
6584,49,0,0.5234427683599048
6587,96,16,0.4750721752673864
6600,47,89,
6624,26,84,0.5248020484634104
6626,29,15,0.5103557271231627
6667,38,33,
6670,56,23,0.47390716650004644
6727,46,65,
6728,27,83,0.48606323404347657
6741,95,4,0.47547754853434665
6757,40,54,
6775,1,59,0.47277906293506267
6787,95,76,0.5288259868251339
6898,80,74,0.4716358586493063
6920,20,78,0.526265449650077
6981,68,90,0.4997646918557963
6996,15,49,0.5293134217608335
7018,5,11,0.5093092674572891
7019,87,6,0.5211920543442411
7035,9,41,
7047,41,12,0.48135273655309585
7096,72,97,0.4955666476091209
7106,79,73,0.5186539138872754
7127,29,60,
7153,17,39,0.5002860491259208
7156,90,97,0.4785878559291595
7161,2,83,0.5286471326374759
7250,74,15,0.4763456571934632
7331,48,61,
7429,12,77,0.5263368881148263
7466,20,89,0.4741197960693629
7489,4,84,0.4827993300950424
7547,90,4,0.472105656238461
7560,16,58,0.5005720649590717
7622,68,57,
7678,72,47,0.4723406751511278
7701,18,97,0.48070980667174107
7712,86,61,0.5243635914861043
7725,64,24,0.5226861126269186
7762,90,65,0.5059895918020598
7767,42,60,
7778,67,68,
7797,98,90,0.47084247160538834
7841,68,60,
7861,53,41,
7878,22,23,0.49568338144714086
7916,98,39,0.5153157684546843
7931,67,76,
7951,82,22,0.49564188867850756
7962,46,21,0.4744630074990919
7989,92,35,0.47215673413460935
7993,65,43,
8017,49,16,0.5193534635695728
8043,68,67,
8158,70,94,0.5122044021431312
8165,10,13,0.5059234797153115
8300,53,18,0.528238221519554
8371,53,10,0.49923463240861427
8380,23,28,0.5216302633282994
8381,33,44,0.5291586913674029
8391,84,95,0.5153444102389075
8406,75,68,0.4710965729084217
8412,4,62,0.4708932858158186
8421,49,14,0.49174241957128567
8487,42,21,0.524941289822267
8597,26,78,0.4894711796262404
8613,56,7,0.5203463490076135
8626,1,57,0.5242925371295377
8657,97,27,0.5042419219691466
8665,66,9,0.5259279920375836
8728,4,80,0.502352796787982
8734,15,93,0.5244805832713465
8758,73,81,
8827,59,8,0.49346822219193204
8850,99,60,0.525003652660269
8864,68,91,0.527907690050387
8873,13,95,0.4770905261894046
8892,79,54,0.5135727006696029
8899,1,51,0.5017318744517525
8947,5,89,0.5041416891456034
8948,84,80,0.5102771549583136
9050,70,12,0.4744007077808736
9060,15,48,0.5292585782164183
9079,31,55,
9082,55,97,0.4851246539652257
9139,51,86,
9155,51,98,0.5258321363205091
9198,15,69,0.5287160304399675
9232,58,68,
9293,20,79,0.48219766836423106
9310,91,27,0.47109502090815236
9326,37,49,
9328,15,47,0.5147884145892792
9334,41,80,
9335,99,78,0.4820106172601674
9404,18,63,0.49315679753540476
9407,30,4,0.4962750289358835
9442,99,51,0.4806530140098935
9485,38,17,0.523624402847964
9589,26,68,0.5126616763479802
9670,44,94,0.5263855191896766
9682,77,87,
9691,22,46,0.4736893216602748
9726,22,58,0.4752523307462003
9733,0,96,0.4826903013209232
9746,72,92,0.5292977447771471
9769,50,88,
9820,63,97,0.5281640990986953
9919,49,54,
10000,85,83,0.4969270034287113
10012,66,34,
10030,39,83,0.5156804313715566
10073,78,14,0.518796556109457
10124,69,78,
10133,60,16,0.5170364641471519
10159,26,0,0.5293920638568774
10237,56,41,
10262,68,77,
10269,34,9,0.5270357791063389
10354,18,90,0.5188999104963503
10395,75,69,0.5008244792550255
10452,68,39,
10511,57,49,
10555,4,53,0.47162926216740425
10581,15,57,0.4901498582594141
10632,14,98,0.5180089948618035
10633,94,25,0.47734074635368506
10645,88,47,0.5276191763902357
10677,13,34,0.5032656347163222
10704,15,92,0.49730332357679485
10751,69,67,
10786,92,42,0.4742691046648307
10802,52,22,0.5172824092313923
10867,28,83,0.47311900033502563
10896,87,22,0.4915970194478906
10898,26,32,0.5285509215511692
10915,52,54,
10977,31,9,0.528708712922724
11022,67,0,0.5242972661605984
11031,88,56,0.524111038643398
11109,16,37,0.5260069702724601
11118,5,8,0.4706546514392246
11122,40,47,
11136,89,80,0.4708261773553386
11166,19,90,0.47364058065055925
11171,39,14,0.4781206578283809
11203,0,94,0.4786281631155277
11243,49,34,
11248,18,99,0.5291717497775695
11260,6,35,0.49232542484729774
11306,32,52,
11311,18,10,0.4766848688137023
11318,57,63,
11355,30,10,
11362,55,65,
11374,87,0,0.5056098857175559
11382,23,46,0.5000924936596465
11387,58,85,
11417,16,65,0.5154164238320674
11427,74,29,0.4737005811982025
11539,96,94,0.5053865782191541
11541,25,85,0.5190411164435836
11559,91,3,0.49117073329357386
11577,73,77,
11584,1,80,0.47979997264872903
11634,44,72,
11651,82,37,0.4745385613302506
11653,86,67,0.4788198673792047
11795,46,22,0.4736893216602748
11828,28,53,
11862,29,50,
11902,52,86,
11957,77,29,0.47854723519301595
11993,30,45,0.49800778569175735
12050,33,1,0.47419619538947044
12059,69,39,
12119,75,78,
12128,42,26,
12182,34,35,
12186,15,76,0.5011522911451899
12197,29,71,0.509341281407635
12202,80,67,0.5267984242400261
12207,36,84,0.4716991699199619
12243,53,39,
12265,43,61,
12292,97,65,0.4935089430845862
12345,58,10,0.5032237461358845
12451,75,94,0.47097691105188205
12460,81,6,0.4728334757552005
12491,75,4,0.5141216473603021
12524,82,73,0.5289310155730329
12543,3,83,0.4705883601910466
12555,74,55,0.4934355033698834
12563,84,11,0.47660824474695007
12573,30,55,
12580,89,23,0.47215403190592886
12587,40,18,0.5140995624502167
12673,9,26,0.47067654535012726
12674,5,6,0.5250123826879926
12779,1,43,0.5285387421985407
12789,69,92,0.5004624250598536
12791,20,58,0.47763835895201556
12872,64,77,
12876,33,8,0.4967177014654004
12887,26,24,0.47167182081743575
12923,76,64,0.47140911725064427
12952,98,70,0.47128769927376385
12987,52,95,0.523634278987186
13065,18,38,0.48269045847502634
13165,21,12,0.4719071086392762
13191,85,36,0.5184384174624583
13203,59,47,
13223,63,59,
13253,17,64,0.4996720141859614
13337,9,75,0.5191435277615486
13342,11,41,
13366,28,36,0.4893457604073669
13386,87,44,0.47098236799126153
13396,26,12,0.48128130570968825
13423,0,93,0.5291127510518593
13445,53,87,
13482,51,7,0.5064908797992814
13484,57,48,
13494,0,83,0.4850446063454065
13508,85,27,0.47071913770426466
13520,72,83,
13548,54,46,
13550,60,4,0.520880330098305
13589,26,64,
13712,93,33,0.523768988157834
13780,86,95,0.47675187678486586
13783,80,39,0.4719121395206558
13790,83,45,0.47845535841262893
13843,4,33,0.5112709256459843
13845,25,60,
13847,91,66,0.5131531080526228
13862,97,46,0.5286584512906172
13885,5,63,0.5285058840241864
13922,86,8,0.4847918280139974
13974,17,84,0.5293486991475367
13975,45,47,
14010,16,13,0.49041191622878977
14012,39,64,
14054,91,7,0.4747646635223819
14074,8,57,0.5003953098884881
14094,29,43,0.5263928429837326
14103,83,50,0.49217917137774403
14131,95,94,0.527897076842366
14138,8,76,0.4908665778629906
14184,93,76,0.5197682862548032
14205,51,50,
14235,82,56,0.47388783376929344
14236,19,52,0.4969685350340933
14352,3,58,0.48728535033679826
14354,73,15,0.5008578323831008
14451,91,71,0.5010594805183277
14485,56,43,
14526,78,37,0.5293014054698072
14535,74,43,0.5196933316535037
14548,7,66,0.5228830322579269
14660,95,57,0.47074231055364724
14666,70,72,
14688,7,78,0.47059956165964756
14706,78,39,0.5211920543442411
14785,39,29,
14826,19,37,0.5130398972094222
14829,28,15,0.5240287341785679
14842,76,0,0.48125543118213754
14859,16,72,0.5135950261599073
14869,77,44,0.4992010831187098
14876,21,81,0.5167749321344792
14922,91,50,0.5246517072742061
14923,42,77,
14925,92,74,0.5218738765252338
15059,13,92,0.4714071499890704
15065,92,84,0.5031566333703447
15108,65,76,
15143,46,78,
15168,42,3,0.5115500336019525
15189,64,57,
15195,85,50,0.5230823463766427
15293,36,5,0.5188933320756087
15308,53,69,
15314,8,81,0.5155309185442787
15366,25,6,0.47641576999306395
15373,36,33,
15462,69,71,
15499,67,11,0.5193725564721617
15564,83,49,0.47078241877744537
15570,78,40,0.47178311149353874
15640,38,54,
15644,5,37,0.48077986577982346
15664,64,9,0.5277273524005014
15666,79,51,0.5270916995855454
15670,53,32,0.5292463510141528
15691,8,15,0.5262843013713895
15695,9,58,0.5294026686270122
15710,78,73,0.4732641762272262
15726,61,53,
15730,64,76,
15750,99,22,0.5202732434786521
15806,6,3,0.47364811528669026
15884,10,65,0.4879413640932946
15892,9,70,0.4734350199076424
15957,57,15,0.4901498582594141
15972,6,75,0.48849629336790584
16008,45,95,0.5209157537365722
16045,90,92,0.4854885659432473
16061,22,64,0.4825547604185542
16077,75,81,
16124,3,59,0.5124028974770953
16149,36,85,0.5184384174624583
16171,85,2,0.5049978572224307
16214,74,0,0.4707175610643521
16244,82,40,0.5183528563567503
16266,10,0,0.4711690760413426
16272,85,6,0.5103164515351601
16309,74,88,
16326,44,76,
16381,1,45,0.4914602430704707
16419,26,73,0.4779416280158878
16456,13,53,0.4840075142429239
16469,72,50,0.47178311149353874
16505,85,89,0.5277581937125657
16515,36,94,0.4858412391671583
16539,95,2,0.49213084080023844
16540,10,69,0.4731876957900045
16602,23,54,0.5294026686270122
16607,72,85,
16616,15,51,0.47204756137664755
16639,98,14,0.5180089948618035
16667,19,19,0.49746268741767696
16686,6,17,0.47464015488511363
16730,71,67,0.5080877758314618
16742,27,72,0.5261316367268812
16774,93,8,0.5286201597547983
16855,34,85,0.517614305341641
16861,78,71,0.5153157684546843
16905,31,26,
16918,66,93,0.4853793985714741
16959,1,23,0.47245980572061363
17019,89,66,0.5022436690042723
17033,21,73,0.5096277461835432
17036,18,81,0.4920011985474853
17042,72,54,0.5268981666774936
17120,29,93,0.5256242456670221
17123,20,39,0.47209238378936447
17153,14,67,0.5241350391022574
17205,8,17,0.5292924846962137
17231,51,75,
17249,4,41,0.5018746289455782
17297,64,27,0.5247158947770932
17306,84,41,0.5107249629071964
17353,36,7,0.5249680366554904
17372,23,2,0.49473720886978734
17373,24,83,0.5204555565174662
17394,28,82,0.5216018149431795
17397,1,31,0.4715024123059938
17401,63,55,
17446,20,70,0.5126616763479802
17485,44,4,0.4735113729374747
17498,64,11,0.4840145564503162
17525,9,98,0.512364845973448
17535,6,42,
17552,51,81,
17576,96,90,0.4712517061528776
17651,50,35,
17778,19,34,0.5277885671863122
17810,86,16,0.47073049831307057
17816,23,78,0.5281028801802209
17835,10,51,0.5278701986265532
17862,82,36,0.4813851977086436
17903,32,27,
17996,88,37,0.524860815569904
18019,16,34,0.48962858101007745
18023,52,11,0.47162926216740425
18035,34,80,0.47370433865832323
18039,29,28,0.5260069702724601
18053,67,15,0.5070474172908471
18127,13,61,0.4896128800455568
18142,96,27,0.48860502895465235
18171,46,93,0.47395396215105345
18174,94,22,0.49042003234199544
18178,77,71,0.47199575583211917
18230,72,41,0.47282712410842914
18238,8,7,0.49784001090188024
18276,37,19,
18308,16,17,0.5149987320484914
18346,30,5,0.5231759985473778
18349,61,72,
18369,69,84,
18376,46,38,
18378,51,61,
18381,23,60,0.47063878659983127
18403,70,65,0.5084674818135185
18413,6,5,0.5250123826879926
18461,24,33,0.5073166678625719
18501,15,31,0.4857088825910238
18557,86,6,0.5270192330959598
18670,29,3,0.5181286198670007
18739,44,23,0.528321411949161
18740,70,71,
18753,12,41,
18756,51,12,0.528812504085313
18803,10,16,0.492187447320997
18813,85,51,0.4966593428928187
18830,5,2,0.52745966169839
18838,82,49,0.5084674818135185
18840,96,22,0.473644303731326
18851,55,26,0.5027802273021837
18858,92,59,0.5277939966679488
18883,30,2,0.5163158322945013
18895,1,78,0.5284703726445104
18906,58,90,0.49054742365577697
18919,78,60,0.52501689804601
18923,98,43,0.49429113405911046
18937,99,46,0.48299807990759225
18982,0,47,0.4940600969859636
19009,97,89,0.5028720933898473
19010,21,14,0.4792921712141305
19038,58,67,
19081,50,65,
19124,39,55,
19129,71,60,0.49445622225551555
19134,2,15,0.47060306117082185
19169,60,48,
19196,37,65,
19213,20,16,0.5190540507794882
19221,25,75,0.4819510892850712
19270,48,75,
19282,54,82,
19302,34,72,
19337,46,11,0.5215959880314824
19354,56,61,
19367,68,82,
19401,77,83,
19427,16,33,0.5249680366554904
19452,52,6,0.47323975259526757
19530,90,5,0.4777316548392543
19537,97,25,0.4737118599980911
19639,81,51,0.4809330337052972
19675,2,36,0.525016795828336
19697,12,34,0.525016795828336
19716,70,54,0.4920252365206252
19742,27,23,0.5293050065496169
19821,28,97,0.48552557807376423
19822,72,53,0.5194673674475184
19846,29,76,0.4743224004024257
19849,81,52,0.5094609017030887
19880,58,70,
19894,15,62,0.5259199740449112
19905,27,86,0.4777316548392543
19917,59,55,
19931,12,54,0.49640861677809295
19962,70,22,0.5290719330621332
19982,25,65,0.4750098285140887
20013,59,28,0.5222134557430469
20018,46,50,
20025,57,70,
20027,6,21,0.4709116887990995
20084,46,87,
20107,93,38,0.5279603313742016
20139,83,61,0.5286414199808616
20161,88,88,0.5085556397076765
20213,89,90,0.49661766634003607
20245,55,30,0.4723924586108808
20290,31,39,0.4787323353700931
20318,87,34,0.5260540212962348
20333,43,54,
20337,94,88,0.5168441006238765
20360,34,41,0.4734930826785072
20470,73,39,0.5282311719089415
20514,97,70,0.48041969354662395
20521,76,42,0.5249458385545168
20570,49,35,
20574,50,14,0.4707338142550172
20629,88,50,0.5269523440695395
20649,81,92,0.5129868782421336
20667,96,34,0.5277413174150531
20717,51,54,
20758,41,49,
20797,26,70,0.5084913977968041
20816,97,55,0.4851246539652257
20869,78,5,0.4966843520920585
20875,66,33,0.48091387547472764
20917,17,47,0.523077266069229
20980,3,40,0.47539416842069987
20981,6,90,0.4753988722952286
20990,65,11,0.48012620306309606
21001,51,96,0.5268879751782134
21004,62,83,
21074,89,69,0.48227168778011753
21075,8,24,0.4831285697580565
21095,22,13,0.51866024976416
21097,68,10,0.4938870687187724
21121,72,24,0.5207852932282417
21174,44,81,
21176,60,1,0.47074837258969593
21202,85,10,0.5196933316535037
21254,66,84,
21283,55,86,
21303,61,91,0.5023028067425441
21304,87,5,0.5236894426068757
21325,35,1,0.5283236741565708
21328,77,68,0.49925121311040066
21416,90,55,0.5153157684546843
21444,72,88,
21446,33,16,
21476,66,61,
21493,58,95,0.5161265399209647
21510,71,42,0.5199294093457206
21527,94,82,0.47082511346201095
21529,33,28,
21543,81,18,0.4920011985474853
21564,7,96,0.5094609017030887
21571,13,84,0.5175196274791038
21595,72,72,
21597,99,62,0.49733674512175313
21618,48,30,
21668,62,37,
21677,7,81,0.5035412324611105
21698,41,70,
21728,23,74,0.4779416280158878
21765,59,49,
21806,10,44,
21889,22,51,0.4751572503255854
21930,75,54,0.5294104607380681
21937,27,51,0.4858267035823637
21952,65,72,
21960,41,20,0.4760101607663809
22016,12,88,0.4774429624105281
22057,34,78,0.5011439072496252
22075,76,47,0.4770643625751946
22100,23,71,0.501899941923969
22128,49,55,
22154,15,52,0.5226056822884106
22155,91,91,0.470771061278867
22182,25,68,0.472295186675004
22241,10,94,0.4844190840762916
22334,10,22,0.47175476202561717
22386,72,17,0.502495527437614
22395,81,29,0.49446446237826236
22466,76,10,0.4814896296911261
22557,90,68,0.4997646918557963
22594,25,37,0.4863603652209606
22737,53,28,0.4983100184290205
22756,25,76,0.47979997264872903
22779,11,35,0.5122806909723637
22790,60,31,0.47492582800633365
22816,57,88,
22851,62,8,0.5291350239749842
22868,89,81,0.47394227945379874
22883,63,96,0.5284955715453088
22909,16,67,0.48516069164380277
22910,6,31,0.5070229771015475
22931,12,12,0.5292078038267317
22933,80,54,0.526732176327444
22955,7,84,0.4933204871703059
22972,74,38,0.47162699961380367
22974,18,23,0.4739852092497511
23018,45,72,
23112,12,99,0.48860502895465235
23119,79,2,0.5227874828366398
23132,47,47,
23134,17,93,0.5168023289235977
23160,70,51,0.471144414182229
23161,56,60,
23234,48,68,
23318,28,60,
23366,2,63,0.5293384131849656
23376,23,10,0.4801076551775482
23393,24,21,0.48193106840867045
23394,9,91,0.4780254643026154
23409,71,54,0.5079340135809083
23427,81,81,0.5104188877651674
23474,95,95,0.4755378311006359
23483,75,70,0.517721939457765
23484,38,72,
23499,98,56,0.4974792121829307
23502,22,79,0.4724451078094746
23558,49,53,
23569,88,20,0.5172552419612098
23713,11,30,0.5292636862547562
23752,46,53,
23786,49,25,0.5222189540742648
23795,84,1,0.4984613981007468
23823,56,97,0.48083708755632554
23853,38,63,
23878,20,50,0.4743346844089472
23897,73,66,0.512364845973448
23905,50,59,
23927,89,79,0.49482803829295824
23951,87,7,0.48606323404347657
23957,87,81,0.5003194141349021
23997,7,94,0.5264113295799961
24012,90,56,0.5187707307120741
24075,1,81,0.4884887508173492
24092,58,27,0.5173979321128945
24097,41,0,0.4953840667803631
24134,87,66,0.524770535893701
24135,51,73,
24163,20,74,0.4814896296911261
24178,72,3,0.5004122832516954
24263,57,59,
24284,3,50,0.5204796581327333
24301,96,51,0.5268879751782134
24376,28,55,
24401,46,19,0.5161826309538591
24411,64,29,0.47069146446457844
24427,14,92,0.5283100663443255
24444,30,47,0.5121045468077972
24464,78,77,0.49842788390238413
24506,33,59,
24530,71,22,0.5271406692732232
24541,69,16,0.5250300230328777
24601,14,42,
24622,54,3,0.49800778569175735
24627,36,90,0.4816998072207615
24629,43,82,
24665,97,79,0.5147007922947364
24679,50,51,
24694,85,44,0.4717523694989119
24715,32,55,
24733,45,55,
24768,39,66,
24774,73,23,0.5289234320572053
24791,49,48,
24823,37,18,
24831,35,38,
24846,37,37,
24867,61,66,
24882,4,8,0.4867043387150438
24886,57,83,
24930,73,50,0.5251179377001197
24931,89,85,0.5277581937125657
24937,65,23,0.47058905284543223
24949,75,10,0.4793758899703675
25043,34,19,
25044,79,75,0.4778693764041012
25053,58,18,0.47254937812728337
25106,93,19,0.47109502090815236
25127,74,48,0.4805644034452177
25140,56,39,
25147,85,58,0.5250918116790704
25154,67,67,
25173,42,96,0.4787208819599519
25181,46,90,0.4712305291524792
25186,20,30,0.525016795828336
25193,83,34,0.528548858562263
25203,34,37,
25208,56,16,0.5253470990408512
25211,36,43,0.5159289081740349
25218,48,73,
25227,90,10,0.4830186253195894
25248,87,47,0.5113251516093568
25293,42,4,0.4713396319058833
25371,6,12,0.5283462212765515
25372,55,17,0.516525142601537
25373,23,4,0.5149987320484914
25391,96,69,0.47207114409006773
25481,99,66,0.49856234084254897
25483,86,35,0.47389169606680176
25498,29,67,
25587,48,43,
25670,56,44,
25679,64,66,
25729,49,79,
25764,62,73,
25799,13,75,0.5288669829158414
25801,25,10,0.47161597777248054
25847,8,65,0.48402880799367637
25875,61,18,0.4898729219994926
25912,68,71,
25941,83,78,0.4808757486445408
26011,83,53,0.4776275884988079
26033,8,33,0.4967177014654004
26039,30,81,0.5011688644247232
26084,15,29,0.5103557271231627
26197,69,2,0.4708730845803099
26198,5,93,0.48375437986708053
26219,7,42,
26238,36,63,
26255,21,82,0.49402723124677816
26257,17,61,0.47229800454347165
26344,7,43,
26363,66,77,
26384,58,88,
26389,30,11,
26391,53,9,0.4706392794826267
26395,92,12,0.5060142330108505
26401,67,1,0.5294082630956423
26449,77,62,0.48288839885088686
26466,68,83,
26499,38,60,
26532,96,81,0.4786915411139126
26534,82,60,0.47063635802741394
26536,48,67,
26548,32,8,0.5028221815487318
26557,52,25,0.5023613538491281
26623,55,12,0.4777535938747552
26648,3,6,0.47364811528669026
26679,37,12,0.48778815380335233
26688,73,24,0.4852917854018358
26712,13,65,0.5251136727451128
26719,84,49,0.5292088118479893
26752,85,68,0.5286395111001868
26769,48,63,
26789,65,95,0.5263781010249174
26808,71,12,0.47060414561512837
26828,0,82,0.4826633362457551
26861,91,73,0.470686606596759
27056,24,39,0.5222903944914018
27087,2,58,0.5183266188224459
27093,4,10,0.5292490061602538
27099,82,94,0.47082511346201095
27129,65,32,0.472295186675004
27161,24,87,0.5012868086483698
27186,18,48,0.5137439512231041
27194,17,3,0.5247749539063689
27201,84,73,0.5066628034453163
27243,76,54,0.5293006781000721
27246,16,79,0.4943240606440715
27250,86,98,0.5193093462641881
27265,92,28,0.4785587181725993
27301,4,63,0.520791366115613
27340,47,98,0.49006257755935967
27356,86,41,0.4996885994036056
27362,66,64,
27544,76,25,0.47979997264872903
27616,38,56,
27784,16,46,0.47501868133727304
27917,96,37,0.4937800391117397
27934,35,91,0.47313597316732736
27954,56,2,0.49000731929877933
27987,68,53,
27988,77,4,0.528190722854478
28013,54,21,0.5151431669978183
28171,34,1,0.48111954397695683
28243,63,71,
28255,73,93,0.48176541271311824
28294,79,74,0.506367500134648
28316,0,70,0.5278296703188572
28333,46,72,
28345,67,19,0.4750098285140887
28362,6,50,0.48033800468725485
28405,45,60,
28414,42,33,
28450,75,75,
28453,22,81,0.5180955665798219
28456,58,0,0.47070527381144456
28465,24,60,0.5177418664102605
28506,30,24,
28517,72,2,0.5061785843417428
28583,83,31,0.5190411164435836
28598,73,90,0.4886822458399785
28620,52,30,0.502185103678371
28671,73,98,0.49382982150968435
28693,36,26,
28696,5,80,0.47600034408395514
28708,62,72,
28799,83,40,0.5138406318554355
28872,3,25,0.5242355245364813
28874,21,18,0.49910005308175726
28898,97,6,0.5243161625080944
28929,6,22,0.47071443638070093
28958,80,82,0.4788140466829641
29023,27,52,0.5226807718015177
29046,23,65,0.47058905284543223
29056,2,86,0.5243776831174731
29067,51,14,0.5185559876674966
29107,59,58,
29132,60,65,
29135,49,80,
29164,3,3,0.525836053976992
29166,73,17,0.49002310331688215
29176,34,48,
29188,89,88,0.5044999007604346
29216,98,50,0.49176639444474995
29233,35,41,0.5290693847822765
29241,68,79,
29252,17,38,0.523624402847964
29257,17,87,0.47671559091931515
29270,15,53,0.5182079498052364
29275,76,72,0.470878938607046
29323,33,69,
29334,40,69,
29374,26,34,0.49261004189996244
29377,93,69,0.5260888833048494
29404,72,67,0.526833128921086
29427,44,93,0.4937800391117397
29435,82,97,0.4848421292951233
29453,7,26,0.47161597777248054
29454,41,55,
29490,18,86,0.5083624089139686
29497,4,31,0.5267706944892319
29532,76,67,0.5292863692376568
29554,19,10,0.5285529354774833
29569,14,60,0.4744671710708162
29589,99,37,0.5292992162072745
29593,55,60,
29602,86,50,0.5028219880627856
29618,48,66,
29664,87,97,0.5244247428013646
29707,58,9,0.5294026686270122
29769,24,77,0.5290932968642799
29793,38,10,0.47259800463541707
29869,3,71,0.5290485970597641
29875,52,53,
29890,48,7,0.48241275132013156
29923,1,62,0.5200406415715517
29938,11,64,0.4840145564503162
29957,92,44,0.4717547078250288
30025,68,88,0.5075854541850403
30034,66,1,0.4831491937808555
30053,83,29,0.4952261199275422
30058,19,8,0.49041191622878977
30118,59,74,
30134,74,87,
30139,17,75,0.5143793840289109
30154,75,50,0.4777316548392543
30177,49,67,
30199,14,36,0.4968096273838957
30221,67,14,0.5241350391022574
30310,83,17,0.47065636595749527
30320,84,43,0.5062031912839052
30322,43,41,
30342,56,45,
30362,46,91,0.49695203765563467
30414,43,36,
30479,90,29,0.520767614530904
30489,52,36,
30503,22,62,0.5285427957125202
30525,47,2,0.48325971628725595
30540,8,39,
30541,37,63,
30561,7,69,0.4907225867695924
30588,77,26,0.490015393740512
30608,59,88,
30634,11,0,0.470801205964278
30681,55,51,
30688,50,63,
30731,51,29,0.49549201247309094
30762,97,50,0.47682389424621946
30766,36,82,0.4813851977086436
30794,7,13,0.4707354865161614
30843,3,34,0.4783583821099544
30844,61,3,0.4716673125389039
30852,32,70,
30923,51,70,
30942,90,91,0.487879819841547
30957,80,4,0.502352796787982
30976,3,47,0.5217269203626463
31013,96,13,0.48488579305099855
31044,10,86,0.5293977455204583
31064,74,94,0.48188445636393107
31101,81,96,0.4786915411139126
31176,48,56,
31215,23,73,0.5289234320572053
31256,99,32,0.52937576517143
31274,58,52,
31287,52,81,
31291,69,19,0.48389469100976745
31296,57,65,
31323,22,6,0.47071443638070093
31394,14,14,0.48043833786437296
31414,54,13,0.4751572503255854
31429,81,36,0.47066889227079034
31432,37,17,
31449,15,17,0.5283862321407131
31532,12,46,0.5292628441704328
31541,38,79,0.47187734758234423
31593,95,14,0.5221914443457338
31655,42,99,0.48690714898514037
31725,62,90,0.5179023625288621
31792,32,57,
31858,39,60,
31908,11,97,0.5080877758314618
31987,62,80,
32022,92,97,0.5149555735055522
32039,86,57,0.4935668088678268
32130,9,84,0.48809496873056885
32141,8,56,0.49744596981085454
32155,26,22,0.5255494832195398
32200,98,92,0.49734568181958144
32205,90,75,0.5156166585042692
32218,19,69,0.48389469100976745
32271,6,54,0.5008747999809329
32278,49,73,
32284,8,55,0.5285407701168512
32464,57,25,0.5129190829660399
32472,28,3,0.5178423906957031
32473,74,5,0.5150275915914994
32527,92,78,0.47198023270924716
32546,87,94,0.5248335669389652
32556,95,72,0.5253855152904147
32564,33,73,
32570,84,26,0.5248020484634104
32617,27,48,0.502478613272564
32619,12,94,0.49909147246700936
32628,18,94,0.4719096517151473
32652,76,66,0.4858412391671583
32668,15,9,0.4830047683491936
32695,27,61,
32849,60,17,0.5064826961154201
32955,76,59,0.47173844165082096
33010,4,95,0.47547754853434665
33017,96,95,0.4871946356286088
33035,60,38,
33084,30,65,
33088,66,85,
33223,12,49,0.47115092878478987
33287,44,27,
33295,13,45,0.5226754291304153
33300,42,85,
33344,86,26,0.4712028480401408
33387,16,68,0.5097708732308341
33419,79,86,
33449,51,44,
33451,2,33,0.4906987043200205
33494,4,45,0.48902495634941384
33508,1,14,0.47129312426396636
33527,16,7,0.472594957467674
33532,13,23,0.5286566071043746
33560,96,1,0.49864595500885833
33607,8,35,0.5227662493620787
33620,31,24,
33626,20,18,0.4720633235082511
33696,77,16,0.48713389286202396
33804,84,69,0.5268879751782134
33810,22,69,0.5262692242704423
33930,40,82,
33939,74,72,0.4870353742079134
33953,40,1,0.5172482891837229
33958,25,17,0.525355606802696
33996,29,11,0.4715024123059938
34149,64,3,0.49758848287573426
34211,87,32,0.5133480356731934
34240,66,67,
34274,90,31,0.4975550362924553
34331,88,54,0.4870353742079134
34341,50,90,0.5228566535784932
34361,61,74,
34364,67,54,
34381,29,73,0.5265973149867138
34384,75,61,0.4937718388413948
34395,53,24,0.47301085520381364
34451,12,74,0.5215100873557129
34456,77,88,
34506,50,36,
34531,70,75,
34543,78,17,0.5039834168627643
34652,96,3,0.4707152320201962
34674,50,31,
34678,39,90,0.5017236926982227
34680,78,28,0.4937554398223147
34690,0,98,0.4846767498651729
34751,19,11,0.5293241156084546
34755,36,8,0.47080019929588307
34771,43,45,
34842,76,48,0.5073249823515418
34856,88,28,0.5076500982717428
34871,5,19,0.5260108878066271
34985,61,38,
35031,90,18,0.5188999104963503
35119,87,24,0.5012868086483698
35191,7,57,0.48126836539719275
35242,42,68,
35261,45,7,0.5003869203401767
35270,48,38,
35287,27,81,0.5220192341718323
35327,70,33,0.5201389732767682
35366,22,59,0.49655061212156976
35385,70,29,0.5224977127646746
35398,0,16,0.529340179118201
35421,77,27,0.5047074560512812
35433,38,62,
35508,34,30,
35529,39,81,0.4766952205132959
35535,30,50,
35594,31,86,0.5257916349984721
35630,9,2,0.5188288034354219
35634,50,85,
35664,49,33,
35708,19,13,0.47245980572061363
35712,15,61,0.4706038709156916
35771,65,25,0.4750098285140887
35776,60,77,
35842,63,22,0.4728853528210726
35896,28,63,
35930,22,18,0.5007402174413423
35943,43,98,0.49429113405911046
35970,72,58,0.48244639416778123
35994,68,1,0.4710361936897485
36005,70,43,0.4859520216115644
36033,99,52,0.5261546125716661
36064,34,3,0.4783583821099544
36083,53,36,
36096,83,70,0.4711977397534847
36098,86,47,0.501034325599067
36225,29,34,0.47678262803368426
36253,66,72,
36390,73,10,0.5169059476823422
36461,83,2,0.5286471326374759
36472,77,10,0.5161684537095954
36495,31,80,0.47096070532421913
36498,74,44,0.5076178750338073
36579,2,76,0.4965420868388986
36633,82,5,0.4859520216115644
36636,29,26,0.5277885671863122
36646,85,93,0.4791075940570804
36683,32,68,
36709,90,62,0.5179023625288621
36724,12,93,0.4775350098416779
36819,4,67,0.4773621577828862
36831,75,22,0.4966843520920585
36885,40,78,
36902,17,95,0.49924282557018806
36925,23,36,0.48135273655309585
36926,59,66,
36927,67,44,
36942,98,78,0.481203755380332
36988,29,80,0.4847704551686292
37083,46,55,
37114,83,20,0.5076419964569234
37141,7,59,0.5230563235057909
37163,2,31,0.5122271224594328
37194,11,73,0.5236094006721607
37322,23,72,0.4706791631518488
37326,98,17,0.4706886742282771
37364,32,71,
37365,39,59,
37375,85,53,0.4737118599980911
37377,34,11,0.5049811283003038
37400,63,35,0.4841490961149394
37440,71,95,0.5110761758350646
37446,89,40,0.5284405159853742
37457,19,68,0.527471666881544
37481,29,64,
37493,26,48,0.5163996690725001
37516,34,39,0.49460480392608774
37519,22,96,0.473644303731326
37545,97,54,0.5059895918020598
37559,70,69,0.5281568352833281
37578,22,97,0.4706886742282771
37592,90,44,0.5017821262816154
37644,54,51,
37659,41,1,0.4801510996600883
37661,15,2,0.47060306117082185
37723,40,31,
37754,13,70,0.49787348283486277
37805,73,40,0.478843167395887
37807,42,44,
37894,83,67,0.4875058944872003
37895,25,42,0.5293464832917465
37901,55,38,
38012,91,45,0.5125550261678452
38013,43,67,
38016,79,8,0.47150869779792043
38067,87,56,0.5178957048121745
38220,0,22,0.5136247779886777
38343,27,1,0.5293888655665444
38393,62,21,0.528894005550372
38399,1,24,0.5100163631017005
38407,59,0,0.4834122971351916
38408,53,30,0.4706217815163498
38419,32,15,
38461,39,4,0.5247794747084266
38478,53,42,
38491,33,19,
38493,50,70,
38608,90,8,0.529386836061595
38690,24,57,0.4955170796858304
38727,31,51,
38741,88,4,0.47063074185564524
38750,34,33,
38799,85,39,0.5290218038296657
38861,47,58,
38913,23,16,0.5225193156266364
38918,29,91,0.5262121161683673
38986,82,89,0.47216756570581275
39024,68,86,
39050,18,13,0.5293678965596467
39102,79,91,0.5193220008934284
39129,48,88,
39176,51,42,
39180,11,24,0.52756669039639
39192,67,32,0.5279234806749914
39234,73,55,0.4815026732234195
39247,5,85,0.5138480345206078
39291,64,36,
39322,38,85,0.5213197667253624
39350,7,68,0.5292445483183806
39355,9,81,0.4980328994793047
39380,80,40,0.5063429238934459
39382,33,0,0.48623381267127247
39392,57,76,
39429,58,5,0.5101743390634703
39497,70,19,0.472607159517359
39521,81,15,0.5232432335413403
39526,57,11,0.5283596589314757
39576,21,30,0.49401061098117927
39578,47,77,
39600,30,64,
39609,23,27,0.5293050065496169
39622,15,50,0.513213110051373
39648,43,39,
39653,81,77,0.47118578550471035
39678,2,20,0.4996298713240459
39691,50,99,0.5293508767895094
39710,93,11,0.4993440629257338
39714,51,93,0.4727032954097196
39724,77,74,0.5134976925549339
39772,46,54,
39883,69,12,0.47074660853066863
39952,85,77,0.5153663757010563
40006,36,87,0.5265215396219218
40041,31,84,0.4809012589105768
40095,24,66,0.5291163205054561
40119,48,86,
40150,58,92,0.5250874333386417
40161,19,86,0.5036667170540703
40259,74,14,0.49215490956803953
40272,85,21,0.5061949894736649
40326,40,52,
40338,2,70,0.47390329570581385
40375,64,63,
40376,67,62,
40380,69,41,
40430,34,90,0.4808948790114584
40445,98,20,0.5072268633232968
40457,56,13,0.5293582327378574
40500,46,37,
40536,41,89,
40550,94,28,0.5176075853937003
40562,17,99,0.5040083543498066
40573,11,80,0.4706302921538102
40594,49,42,
40605,43,79,
40607,40,0,0.5012782321409955
40615,62,19,0.4717430391841366
40659,67,10,0.5114417349720815
40760,53,77,
40769,20,69,0.4949194930252682
40775,35,49,
40791,91,12,0.5033660625448996
40808,63,42,
40893,48,91,0.4937800391117397
40941,94,15,0.4975550362924553
40988,41,67,
40992,11,38,
40999,17,58,0.4891969675235581
41030,87,40,0.49314066761901815
41072,38,24,
41101,2,30,0.5163158322945013
41105,23,18,0.4739852092497511
41107,26,66,0.4901658545902317
41135,93,94,0.5169611469161595
41156,35,68,
41161,99,80,0.5290603313740446
41163,65,88,0.5134232649011171
41191,96,73,0.4961834974180653
41196,57,12,0.5129418654288651
41230,15,56,0.5077882956654947
41259,0,30,0.5064415801329734
41263,2,5,0.52745966169839
41264,55,41,
41295,40,27,
41321,64,70,
41374,29,35,0.5293587375669646
41418,14,25,0.47188232272112995
41437,29,99,0.5293861404279053
41454,56,96,0.4951098685261689
41484,85,75,0.527746887619578
41501,1,95,0.5292871420121664
41503,69,61,
41555,20,28,0.5180091485444741
41663,34,6,0.5223834395107543
41698,70,96,0.47189972335488084
41757,33,15,
41799,1,21,0.4953923532843908
41859,43,43,
41877,75,82,
41880,97,39,0.4977643217613569
41891,4,46,0.5193851796119998
41903,69,95,0.5129793496530113
41933,0,54,0.524206856080405
41944,63,26,0.47804220274589754
41984,96,35,0.4826430093856681
42000,36,50,
42002,82,62,0.5190028688583314
42016,31,4,0.5267706944892319
42046,77,37,0.4794901255013355
42062,30,43,0.4758362376399168
42066,46,39,
42079,20,37,0.4724568616550574
42084,29,40,0.5118279171419986
42097,86,21,0.4835373910188118
42136,78,56,0.5291531701594478
42141,10,98,0.5276392455031449
42184,53,73,
42220,57,5,0.5198241336653511
42275,78,11,0.5127906181989298
42282,35,2,0.4871640808972024
42307,8,20,0.4879798171825867
42327,48,84,
42344,5,46,0.5289188537016108
42348,8,37,
42396,81,4,0.49201716086111097
42404,50,86,
42437,62,38,
42464,10,26,0.49524287058774635
42503,19,82,0.5183462992122047
42541,12,23,0.49371445117891033
42661,74,86,
42677,45,62,
42750,72,76,
42757,82,0,0.4826633362457551
42768,68,5,0.5010007845311786
42805,65,55,
42834,87,28,0.4719675080049729
42879,61,64,
42923,19,91,0.4794662232513223
42950,64,32,0.4710376874934328
42967,68,84,
42974,47,62,
42993,43,74,
43057,2,60,0.502185103678371
43070,68,56,
43081,45,39,
43086,7,47,0.5142322566645993
43113,15,94,0.4975550362924553
43117,99,99,0.4820305374482929
43120,31,71,
43222,44,19,0.472013763002216
43230,27,93,0.4885194632626438
43265,46,14,0.5161474214491747
43281,55,54,
43298,37,78,0.5293014054698072
43321,15,10,0.47464015488511363
43389,32,37,0.48115832083018956
43392,77,53,0.49387084568884293
43429,7,99,0.4705988740952707
43431,68,35,
43451,55,79,
43475,73,87,
43482,16,96,0.4750721752673864
43483,33,30,
43513,72,40,0.5257144455702151
43539,84,29,0.5046991737341762
43558,99,10,0.5038002612373726
43560,77,36,0.5175196274791038
43628,32,11,0.4709580172204443
43690,72,45,0.4803443899883356
43701,79,77,0.5142909599890026
43768,62,28,0.5101822109340698
43788,93,95,0.489959621369142
43829,98,55,0.47310539813408664
43830,62,31,0.502797125791699
43838,5,1,0.4847487608897994
43843,41,27,
43852,35,13,0.48077986577982346
43863,54,33,0.5292107523682273
43888,77,86,
43925,28,14,0.5072270517466245
43945,42,74,
43950,2,54,0.49537578065193594
44014,84,38,0.5103085938962344
44038,45,98,0.4781655721693108
44094,13,57,0.47059078657048603
44139,30,63,
44187,15,85,0.49729496873759466
44192,57,4,0.4914522145820938
44262,53,86,
44263,55,76,
44286,40,41,
44297,10,62,0.48755148650711394
44307,51,24,0.5202612237958246
44322,86,71,0.47767655447643187
44341,17,69,0.5290485970597641
44350,53,93,0.49910824518653246
44460,88,24,0.47070230189916534
44467,65,75,
44524,39,52,
44578,30,92,0.47772617460975025
44642,69,36,
44702,60,30,0.5262653621759056
44749,98,15,0.4718382202206819
44829,84,28,0.5269116462711254
44837,24,64,0.5226861126269186
44917,27,20,0.5284787772692668
44939,27,12,0.49465449046720916
44955,93,83,0.4728047023006663
45017,70,89,0.49916753486894594
45042,64,68,
45054,0,92,0.5175263661107959
45064,3,69,0.5293021136858711
45086,47,15,0.5147884145892792
45122,30,22,
45217,14,37,
45281,25,77,0.47350399967559126
45302,82,77,0.48444043852919105
45329,28,99,0.4937800391117397
45414,2,23,0.49473720886978734
