,x,y,value
0,61,19,0.5399266267858956
21,80,36,0.5405586984513999
46,91,58,0.5266620933201789
55,29,22,0.543689039520959
57,3,15,0.4791643315402499
81,79,96,0.5520168763217757
93,95,9,0.5059841383942844
161,44,19,0.5241140651294147
183,29,29,0.4391149257776143
189,39,86,0.4403789265416383
193,42,60,
214,48,31,
291,52,49,
293,92,39,0.4376869125005376
308,1,47,0.44386543403116774
324,0,4,0.45594308946295103
327,92,76,0.55800226484775
348,9,56,0.535480119405583
373,79,85,
407,54,23,0.5428691001243501
412,14,15,0.46698425287721446
427,45,63,
445,98,36,0.4733799856526848
447,39,18,0.44529699558345653
502,20,71,0.535945058268347
609,12,58,0.518580483288124
627,18,99,0.46271181791204197
666,21,88,0.5624648965551107
726,43,59,
769,9,74,0.47877371472709496
784,21,98,0.49185935387486307
816,69,40,
822,85,70,0.5538064833442773
825,44,82,
907,79,49,0.45554306040941217
910,73,88,
935,27,65,
955,50,11,0.5603582498458465
1025,51,83,
1151,81,4,0.5624294384795883
1188,77,10,0.4380913115547127
1227,96,73,0.5624861838425915
1235,12,91,0.543616229633907
1277,88,64,0.4531754384674419
1321,10,75,0.5475337563578215
1359,65,28,0.5158484102588994
1361,7,96,0.5526694924029101
1381,2,62,0.47838731006223184
1394,28,53,
1428,98,89,0.44248854922773656
1436,14,26,0.4390572109095754
1456,75,96,0.5193217286682948
1495,37,67,
1535,53,26,0.473945437995879
1537,24,13,0.548199119584628
1572,0,3,0.45376384263823216
1603,54,19,0.5576702316920283
1606,67,60,
1631,80,86,0.5385216097503719
1648,20,40,0.5242103080406664
1673,50,16,0.5589678878377073
1687,81,35,0.43918539016284236
1696,60,23,0.5585272057375729
1705,14,10,0.559018862139643
1730,79,26,0.5477030185144371
1743,72,47,0.46576310056343
1832,31,2,0.4437521654373474
1848,73,94,0.48459995488484675
1861,75,33,0.545284707450081
1937,68,98,0.5127249065319813
1938,32,2,0.4375002645940052
1955,74,65,0.4408470734798334
1960,66,59,
1966,4,0,0.45594308946295103
1983,69,82,
2016,27,24,0.4387939619052055
2021,73,99,0.4522002244511038
2032,77,57,0.4825565688116777
2074,64,44,
2089,44,89,
2100,95,30,0.48240756557569353
2165,48,83,
2169,4,29,0.5620726379164743
2231,51,76,
2239,7,81,0.5236383141294192
2249,22,86,0.5566465135076117
2252,38,2,0.562108017554484
2262,64,38,
2300,22,69,0.45517908122554973
2304,28,30,0.45044844910379184
2307,37,5,0.5106971419320304
2321,55,69,
2393,20,0,0.459361308414298
2538,73,34,0.43836592834191584
2588,59,1,0.5614451719805245
2620,12,7,0.4754094240878247
2655,28,27,0.5535667214412748
2658,35,21,
2672,47,9,0.5211759810785607
2782,13,58,0.5587940943608944
2793,50,21,0.4407632184556691
2816,50,23,0.4581197191358532
2869,70,42,0.4510858922012743
2874,25,37,0.45144056377135033
2891,44,68,
2944,0,99,0.44532330941317916
2972,39,70,
2986,73,15,0.44815441891676067
2990,24,52,0.5093207610613435
2992,60,75,
3041,50,77,
3095,59,97,0.5264278780470026
3136,76,14,0.5615377257674616
3223,71,45,0.5398888221786028
3346,38,4,0.5402052765003932
3404,11,65,0.4784844389746137
3423,84,44,0.5106954213619478
3425,95,66,0.5234425445665183
3432,0,57,0.5516720706892828
3438,17,33,0.5509942675106615
3439,5,48,0.44248991665501664
3449,90,79,0.46624435546136006
3460,94,81,0.5446420780086434
3476,63,85,0.5621366970811233
3536,59,60,
3554,92,60,0.543390194840902
3641,38,34,
3665,38,14,0.4376749783312788
3675,1,6,0.4631297445347358
3689,8,46,0.4390916371124277
3776,96,72,0.4785289253870381
3779,44,88,
3813,65,35,
3854,80,42,0.56143520345962
3857,52,23,0.5614356848777228
3917,94,46,0.5617101746051795
3944,91,67,0.4987109193442582
3954,58,46,
4072,59,32,0.4575462153359612
4080,36,39,
4086,3,5,0.4600329204719514
4116,9,23,0.5450713917666428
4201,81,48,0.5181370211138531
4213,95,6,0.4437981212896477
4238,11,69,0.4586582551425362
4263,57,14,0.5428691001243501
4287,66,63,
4305,62,11,0.4458557409508021
4313,38,98,0.4889487824321386
4366,41,95,0.475316727175877
4485,62,91,0.5538064833442773
4552,98,81,0.5376615720707308
4557,98,33,0.49149606043318894
4562,52,83,
4579,18,59,0.5295256120955375
4651,43,27,
4750,12,83,0.560450574650762
4764,98,96,0.5595280118920659
4778,27,26,0.43752256586484206
4803,68,0,0.5069105126383967
4815,68,96,0.5592045514124857
4821,94,55,0.45995140468417456
4866,19,73,0.5359027176472139
4867,94,97,0.5606546863955812
4896,97,13,0.4477235537285805
4917,27,13,0.45928274288161075
4938,75,75,
4966,73,5,0.4392705740943092
5047,12,47,0.544819714150091
5113,82,85,0.5484593695861556
5172,95,62,0.5175874196597963
5191,86,75,0.5475029819340476
5209,84,56,0.4419781696305237
5243,16,80,0.5600525721731706
5268,33,31,
5306,87,73,0.4971612981998945
5328,62,88,0.4712074099481547
5388,5,40,
5395,49,5,0.5012925850533806
5446,6,81,0.44988583801733395
5508,30,77,0.48196539071799066
5512,10,98,0.494835218690569
5532,69,6,0.5484294362492316
5580,88,82,0.5538033734097753
5624,6,22,0.5179867471814446
5637,93,80,0.4454966936552157
5638,99,42,0.44151042405636165
5660,83,26,0.4433301823083624
5688,1,64,0.47843586712870834
5689,69,9,0.4410327034156025
5744,76,31,0.5049034443978714
5801,16,85,0.4384005988238001
5861,95,64,0.5539114863784149
5926,47,12,0.544819714150091
5998,83,67,0.5537273437961021
6012,9,62,0.450733627835886
6013,20,57,0.5163957747038425
6078,87,84,0.4542208829688269
6203,66,41,
6269,97,47,0.512578880578223
6276,35,49,
6336,65,29,0.4818638269551738
6358,61,34,0.4377288839103266
6398,80,61,0.5564481760890112
6414,52,99,0.45500219243661405
6453,5,79,0.45862142752378304
6466,61,37,
6514,27,34,0.507475887931434
6569,98,24,0.48722359757093403
6681,82,70,0.5178355229339731
6731,41,65,
6815,94,37,0.5616853846499335
6838,45,13,0.4408129023568562
6964,39,39,
6974,58,81,
6982,60,68,
7010,5,25,0.557055242087804
7032,19,50,0.5286578451605307
7043,36,47,
7052,62,90,0.47848607857850967
7077,33,22,
7113,44,87,
7141,61,14,0.5602077941712477
7143,42,65,
7172,93,4,0.4962829060662834
7188,75,3,0.5129291769887077
7402,76,89,
7446,52,9,0.43779978830089933
7473,22,97,0.5598627084256
7478,72,69,0.48107735491927006
7483,61,62,
7537,22,14,0.5603848001753647
7601,44,92,0.5268958517617468
7664,37,92,0.5299375252075613
7682,30,90,0.5135890654708815
7686,84,46,0.5437272727354798
7687,45,77,
7749,3,6,0.5533257739994645
7780,64,97,0.5514111486066359
7784,82,27,0.441769016778388
7786,73,47,0.5611527952372587
7804,72,96,0.4785289253870381
7813,89,65,0.5483978176665277
7848,18,36,0.54907528576156
7884,20,33,0.44957940440213295
7905,79,44,0.4414543680165359
7943,23,3,0.5578872269276515
7954,48,16,0.5297533790489215
7959,90,39,0.5565165015328906
7968,61,49,
8029,61,67,
8039,32,50,
8118,63,88,0.5604385246707321
8133,39,28,
8137,85,2,0.5252083431575109
8166,31,9,0.43783626469576425
8171,35,84,0.5009321966219605
8183,90,66,0.47277845998879675
8201,98,34,0.4379640646799045
8240,36,76,0.48757407526110785
8272,63,38,
8298,80,31,0.5520751389174625
8335,75,5,0.46606668951983565
8349,62,14,0.5237795135540235
8351,42,67,
8356,62,62,
8365,60,78,
8372,29,16,0.5364098824902478
8427,72,55,0.4777590602562483
8448,83,57,0.506039985806917
8463,74,76,
8505,81,28,0.5612987880879341
8528,34,80,0.4813692996704049
8544,25,6,0.5169941115246672
8545,27,62,
8593,14,7,0.5613185572714985
8614,51,19,0.44444496471221795
8669,85,22,0.44071472918495164
8703,14,41,
8732,70,35,0.5097272712959826
8768,16,24,0.4899653330199394
8825,56,87,
8860,73,3,0.44651252548453957
8868,34,87,0.5602773922304336
8884,52,0,0.4838523386967335
8902,95,32,0.5623682160429964
8931,13,82,0.5187754922214997
8943,72,92,0.44009137996978487
8956,37,79,0.5520465095031705
8958,42,50,
9070,18,56,0.44439763105561025
9086,5,85,0.5162984218655431
9093,82,72,0.5321754800760825
9129,55,4,0.4381795719879177
9134,59,43,
9142,88,83,0.5260992168307876
9186,73,86,
9228,39,24,
9266,64,31,0.5320438047948585
9297,26,20,0.5436520241351082
9300,89,80,0.4986013489943612
9347,90,99,0.5404056707582067
9386,7,38,
9475,50,96,0.46984023451949686
9507,61,97,0.5596659110386216
9511,5,34,0.5010339212223325
9521,36,46,
9525,82,63,0.49149606043318894
9538,83,71,0.4845056044035808
9553,99,39,0.5619506559718783
9562,5,59,0.46567876076631365
9564,74,41,0.5022752679089872
9567,18,50,0.4903741142409463
9593,30,39,0.550994772354819
9618,82,77,0.5618046175365627
9676,92,99,0.44127465538809874
9684,51,72,
9686,29,25,0.4871703891037496
9724,85,79,0.4674269477690896
9747,15,51,0.5416120447620338
9756,53,2,0.4402870409755756
9830,5,46,0.5105441742645986
9869,7,5,0.44045758219078
9922,17,30,0.4752192848566714
9934,99,14,0.4614790903250573
10001,17,28,0.5327517536222868
10003,83,98,0.551761682537827
10045,75,67,0.5550235262262097
10067,50,49,
10146,68,24,0.48621241268267906
10171,95,81,0.4664623751920957
10257,93,25,0.560330624702696
10279,35,30,
10323,53,84,
10334,2,83,0.5187754922214997
10383,8,36,
10416,39,57,
10436,46,40,
10456,36,81,0.5597891084468007
10524,87,34,0.5602773922304336
10531,45,67,
10565,19,11,0.5439834621862653
10580,37,65,
10587,2,46,0.5011365161060694
10620,42,55,
10640,1,73,0.5371211905518483
10659,78,91,0.46456034383175804
10672,21,11,0.499328249383701
10735,41,80,
10747,41,18,0.46808882696632925
10760,91,46,0.4387315276306135
10853,44,39,
10882,19,0,0.5451072223471712
10923,7,31,0.5060888762805529
10925,93,28,0.4870716897661397
10957,93,38,0.5499259441187648
10964,67,78,
10973,81,77,0.556905347614036
10974,93,3,0.49943347407360184
10990,16,46,0.5603448000088711
11028,76,22,0.5143413081835488
11061,45,17,0.5460273042040186
11065,78,82,
11156,43,71,
11179,53,76,
11225,0,60,0.4945276345286649
11239,77,53,0.45690489773173826
11254,17,85,0.4644340311149201
11269,94,2,0.43944584889835586
11275,42,22,
11282,78,0,0.534667886874724
11327,53,44,
11328,69,97,0.5395258344111497
11329,67,81,
11335,91,93,0.5459893285095087
11347,58,93,0.5601794715769853
11425,86,71,0.5344537863315861
11429,97,44,0.551612798828655
11461,2,39,0.5564714910280654
11471,75,16,0.5554352410795907
11507,87,76,0.4660703559268551
11516,46,59,
11524,3,59,0.4388363734200106
11610,52,92,0.5349650501101536
11713,42,99,0.44151042405636165
11757,65,87,0.5361549667963
11777,78,87,
11856,47,81,
11918,70,75,
11972,24,93,0.5509633230076256
11985,23,15,0.5029963869576237
12081,65,13,0.5569487838182237
12091,22,45,0.5534597976149469
12195,88,4,0.4588546052536777
12253,43,49,
12290,71,49,0.4859576436962261
12333,88,96,0.5090605464840079
12337,61,5,0.4382740705863531
12356,76,16,0.5233961916959967
12368,60,74,
12439,37,17,
12496,52,91,0.517046418237024
12528,54,22,0.5164456987245802
12532,37,39,
12571,51,95,0.46503062003189233
12576,27,12,0.5491712554958226
12620,42,88,
12630,71,39,0.4421512215856716
12692,67,68,
12727,6,76,0.4909880721319743
12738,14,47,0.510698002213968
12772,52,25,0.4873738738510334
12810,25,93,0.560330624702696
12840,87,91,0.5139364047465027
12846,57,54,
12896,16,5,0.43750090603816305
12914,9,33,0.4380159972324759
12922,48,70,
12926,75,12,0.517489770306515
12971,8,90,0.56143520345962
12980,23,74,0.5160485255225057
13009,10,44,
13022,54,13,0.4432659914423161
13033,27,81,0.45019832087115974
13059,13,68,0.45183440516518025
13119,90,35,0.543798037234743
13158,47,23,0.4738044241799374
13179,33,67,
13197,43,79,
13217,20,99,0.47814638367655826
13224,35,40,0.48230996523100716
13229,82,68,0.5216159795736519
13257,84,39,0.44129448158737805
13364,86,58,0.4379640646799045
13450,65,94,0.48019350523583104
13466,92,89,0.4752160784912647
13469,52,93,0.4657234749628476
13497,30,76,0.44052028584433334
13530,40,31,
13544,83,94,0.5563840039681979
13558,6,86,0.44585704946519744
13569,63,83,
13576,57,1,0.4683115455710356
13579,51,4,0.47235846707568707
13617,56,6,0.5253951969569274
13624,76,56,0.449458920896471
13653,78,19,0.4864648653662352
13662,6,91,0.4873206381986507
13673,64,25,0.44052109035984705
13695,38,65,
13746,26,11,0.5056776501985393
13792,9,83,0.5473653722681928
13794,6,37,
13821,31,90,0.4437981212896477
13860,28,40,0.5198588870166041
13867,92,54,0.5587759283467779
13893,40,12,0.5270382475956685
13917,82,34,0.5566465135076117
13946,74,55,0.5138876636226515
13948,46,96,0.47399406632655877
13962,90,10,0.44182558027685054
13998,19,65,0.44213264418226095
14001,6,94,0.5150981427506983
14003,5,81,0.5442022475155609
14022,78,26,0.46201100676650436
14048,9,99,0.5091177853757967
14052,27,59,
14084,97,68,0.562309011829615
14089,27,0,0.5622345313203381
14126,1,80,0.45521698441832537
14130,92,51,0.4459066313941018
14161,68,71,
14167,7,39,
14198,74,50,0.5253503046561495
14211,13,43,
14225,13,41,
14257,1,26,0.4696568349158401
14260,7,70,0.4441180077746802
14263,12,94,0.45464164160058446
14271,44,95,0.5488490908593403
14280,14,12,0.5380697419810639
14285,85,84,0.44156314435154687
14299,9,41,
14330,96,85,0.49973780550861724
14344,63,31,0.49550845992812215
14359,12,54,0.47631461616922266
14384,31,96,0.5624496535323138
14395,86,78,0.4622202428541285
14397,26,97,0.4395104196097705
14402,76,11,0.5189727963506567
14409,40,92,0.4425723012302972
14440,92,61,0.5422228604610363
14465,67,39,
14496,93,50,0.4733331808650187
14512,41,56,
14513,76,71,0.5622801841285902
14528,68,48,
14606,97,69,0.5395258344111497
14635,65,85,
14664,53,58,
14726,63,39,
14774,57,24,0.4447325681520494
14794,57,58,
14798,49,66,
14833,63,79,
14858,69,61,
14906,8,81,0.45838731621353057
14928,12,61,0.45219741178196304
14985,65,62,
15002,78,73,0.5440587809744319
15042,42,4,0.46283790991842394
15079,5,47,0.49638359635134377
15101,45,50,
15142,21,64,0.4538690176492293
15148,91,0,0.5009321966219605
15214,67,76,
15216,29,54,
15228,36,59,
15244,44,9,0.4375808375646018
15257,82,13,0.5187754922214997
15267,24,60,0.49850225792107483
15294,31,40,0.496591107971173
15326,9,15,0.5024286381236807
15353,1,11,0.5281508625360926
15377,56,40,
15397,35,11,0.5364519251535902
15452,75,2,0.4585419679222156
15477,91,87,0.5139364047465027
15493,50,22,0.5614261556690011
15503,24,22,0.4994317278112631
15510,78,15,0.5344933037412365
15515,42,31,
15525,34,45,0.4748398237008979
15545,8,61,0.5062956938021236
15553,26,16,0.5009821861884727
15559,7,64,0.5569700823019913
15611,12,14,0.5380697419810639
15627,95,1,0.45239969620886533
15650,69,29,0.5612270902011441
15668,41,11,0.5499897012672854
15743,61,94,0.48955440928499794
15785,33,55,
15805,40,76,
15814,5,4,0.4576609078434487
15825,5,89,0.48370496245516215
15828,92,85,0.44969990863691395
15976,14,33,0.5578285217426978
15983,37,44,0.5613283809377526
15991,15,80,0.45838731621353057
16181,97,55,0.5421846968003449
16195,95,74,0.5515285587313724
16206,81,5,0.5442022475155609
16211,26,91,0.4949899288479339
16231,76,61,0.5136857948491739
16271,25,87,0.5404799084409605
16302,35,18,
16322,5,76,0.4401066441331207
16342,82,56,0.5089598720537073
16452,72,62,0.5010874016180116
16457,97,97,0.523065623482656
16478,16,64,0.5466849104356385
16479,39,14,0.44456396489034006
16481,10,37,
16495,29,90,0.5403615154161233
16513,30,93,0.5426439369096252
16594,85,32,0.43751393903875613
16638,99,61,0.449097170442485
16640,35,70,
16706,41,5,0.5365771951150782
16725,88,79,0.45983704066489606
16732,93,11,0.4544670358897905
16801,49,51,
16824,64,85,
16846,57,10,0.5446752220332448
16871,26,10,0.5149960080890074
16877,72,17,0.44909463733273886
16911,83,15,0.5063960365653384
16912,77,92,0.47559661750862453
16921,52,68,
16942,85,77,0.49406824940245625
16944,15,44,0.4568319015939219
16968,85,28,0.4588935670628291
16973,8,10,0.5102389061267496
16999,20,85,0.4625080092056397
17080,71,51,0.4657198243341139
17143,20,82,0.5575911552941816
17163,39,96,0.45892926608397844
17164,15,6,0.5520188124736914
17200,89,75,0.4862586254172101
17224,94,28,0.4603100247634652
17233,0,85,0.43900072339526097
17257,24,56,0.5411849976111329
17304,44,31,
17325,71,0,0.5605543797516286
17345,76,87,
17363,19,42,0.5509043619269519
17413,65,56,
17545,35,1,0.4461422828165429
17555,95,25,0.4387623791586263
17567,5,21,0.5624980794789707
17592,60,63,
17615,60,25,0.47698735704303086
17639,97,34,0.4899627475102895
17643,39,84,0.44129448158737805
17679,21,51,0.559818414307831
17684,28,21,0.535138573288611
17696,22,0,0.4936022387452395
17705,24,55,0.5315560822897942
17726,97,57,0.5442418965224092
17729,54,43,
17935,13,87,0.5528888571859247
17973,55,64,
18014,25,4,0.519515132947973
18065,90,55,0.45819788898592567
18079,22,62,0.4436171387003799
18093,41,58,
18096,5,51,0.5228698897864004
18192,31,43,0.4966427738793491
18228,34,43,0.5589850154809164
18270,0,89,0.44044134474002306
18299,75,63,0.438773623678341
18332,39,59,
18335,86,79,0.5262871312733443
18337,13,32,0.4485320696869618
18340,72,15,0.5513512365973844
18394,86,9,0.5016003333851089
18415,15,84,0.43855468075514503
18429,50,37,
18467,44,64,
18472,26,65,
18477,70,67,0.45565230174857846
18479,11,18,0.5617097594199238
18550,98,69,0.46456034383175804
18574,83,93,0.48585512418258214
18602,67,96,0.5605426334829352
18676,34,18,
18717,99,53,0.4375033726012949
18725,76,25,0.45521698441832537
18728,53,64,
18732,96,81,0.4459356347216071
18748,45,24,0.4408799986617359
18761,94,59,0.4474137783956775
18768,56,5,0.5528350448389012
18774,19,32,0.5527514929430969
18781,77,16,0.4416005495363917
18798,61,64,
18846,16,84,0.5369106253823637
18847,8,65,0.5237316550190503
18860,26,14,0.4390572109095754
18872,63,53,
18888,22,72,0.4509573251912427
18938,83,80,0.48940742331043885
18983,94,73,0.48459995488484675
18990,97,63,0.4380981922843387
18991,5,14,0.48742369780646794
19058,5,84,0.4463260598736414
19071,58,7,0.454786086807757
19095,68,77,
19156,36,17,
19174,9,44,
19242,74,13,0.4376249442809999
19247,93,36,0.48107735491927006
19264,41,45,
19280,98,48,0.5321754800760825
19316,21,99,0.5557418876619401
19380,36,38,
19433,9,61,0.43938167774710496
19437,64,41,
19480,21,24,0.5092175584088893
19544,79,47,0.5427918282015919
19561,53,3,0.4793099174717804
19577,18,1,0.4475554711450143
19637,27,86,0.5149474682964119
19649,45,69,
19709,53,43,
19712,10,67,0.49119033204638407
19731,53,1,0.4966427738793491
19745,65,99,0.5619835672700223
19746,74,95,0.5515285587313724
19777,90,48,0.43943198196560707
19778,95,21,0.43910385014145303
19806,13,54,0.4432659914423161
19974,99,43,0.5612979361004032
19987,57,60,
20004,83,14,0.47901969518642595
20019,22,26,0.5104430205214859
20029,27,98,0.5614169080881439
20058,69,79,
20081,44,94,0.47198548322145306
20096,81,95,0.4664623751920957
20142,31,11,
20148,1,44,0.5470278976821845
20153,84,79,0.4863091058148987
20183,21,95,0.43910385014145303
20196,14,36,0.5481001530321687
20199,3,1,0.5597735043882138
20215,9,63,0.548331166036061
20231,17,21,0.44127614977899476
20259,1,52,0.5404030060615324
20289,72,48,0.4379458957764271
20347,69,90,0.46087565489929944
20376,84,37,0.543616229633907
20394,67,56,
20490,6,21,0.49047551324968075
20496,98,88,0.43751850296373335
20557,69,63,
20562,44,24,
20610,92,43,0.44259273938444715
20721,51,97,0.46897915360077236
20738,75,80,
20872,80,16,0.5600525721731706
20906,46,87,
20952,10,5,0.43902296481419556
20974,18,91,0.43818758998356144
20992,2,80,0.4686219974471811
20993,49,78,
20999,73,95,0.5560649978508325
21018,72,8,0.5531627378852534
21020,28,84,0.49679516920952227
21029,46,5,0.5105441742645986
21038,48,48,
21067,80,23,0.49278190659741944
21125,49,46,
21188,1,16,0.5238759886432333
21213,19,25,0.4402872988196965
21262,21,20,0.5388845112437499
21264,49,11,0.43750013825665074
21271,22,15,0.4451727529722047
21298,90,45,0.46271181791204197
21346,34,8,0.5624497586081239
21350,34,55,
21403,31,0,0.48420250308444657
21492,12,39,
21503,53,6,0.4811743422163121
21504,41,39,
21582,13,35,0.5106971419320304
21599,10,13,0.4651186110675117
21607,3,47,0.5414180027172595
21673,45,14,0.5353095399464897
21687,45,0,0.5564932693082946
21729,27,82,0.441769016778388
21744,35,28,
21757,53,54,
21758,27,88,0.501393425783615
21839,5,71,0.4818638269551738
21856,65,79,
21902,92,86,0.5541971929856921
21911,97,30,0.4869155925834786
21946,38,91,0.5042842252568673
21947,62,0,0.44667378306710287
21995,16,61,0.4960220735716148
22031,47,45,
22097,32,7,0.5327517536222868
22123,35,6,0.45575996625541526
22136,60,17,0.5556251948649717
22164,41,6,0.44456396489034006
22201,46,12,0.5534865835766501
22238,92,16,0.5491382201139302
22291,6,69,0.5484294362492316
22294,48,67,
22308,82,41,0.4388146376800331
22338,28,31,0.45147315500674456
22342,91,75,0.4465415719113063
22360,43,50,
22367,55,1,0.555195609372591
22396,21,44,0.5228217286332059
22407,81,82,0.4416368706106592
22420,92,62,0.48960542687393793
22422,78,54,0.5135890654708815
22440,7,16,0.5244954175187917
22442,99,77,0.5118702041952915
22459,2,41,0.5285190341361782
22540,2,2,0.5238281630121763
22698,82,38,0.47679262459768423
22707,53,42,
22713,10,26,0.5149960080890074
22719,53,8,0.4696123735146272
22729,55,99,0.4742766852776105
22757,37,95,0.5029473202577754
22763,34,99,0.5287513203113202
22775,55,92,0.5132816092889181
22786,67,19,0.5466160433026592
22796,56,28,0.5016029520264249
22800,23,90,0.5153949800605752
22804,73,17,0.5522745443872545
22832,20,68,0.4648607170883581
22857,52,73,
22879,68,83,
22936,13,23,0.4782409093268783
23008,88,73,0.4396696158316027
23020,68,72,
23294,99,29,0.5239691715927409
23350,64,54,
23395,93,42,0.4478396805657026
23407,26,77,0.56056781507978
23422,35,9,0.5607418517742483
23426,82,57,0.4695235111305541
23487,84,5,0.4463260598736414
23511,96,26,0.43820232966918776
23527,91,64,0.45609199583647936
23562,25,53,0.4487976901794849
23593,64,78,
23624,30,61,
23646,53,70,
23658,93,32,0.4460911767721945
23661,93,61,0.4583905737857357
23676,88,21,0.5624648965551107
23688,63,15,0.5623437835023127
23716,85,41,0.5271757532351835
23729,91,25,0.5271757532351835
23739,24,36,0.5256321649681615
23781,84,0,0.5343637527712725
23813,87,56,0.5468553622263874
23814,73,80,
23846,1,27,0.44127614977899476
23849,71,40,0.4376122061987505
23854,75,79,
23926,48,84,
23955,82,24,0.47843340850167804
23958,94,85,0.43983476617205614
23987,85,76,0.43790914513121737
23996,59,19,0.49134403459208187
24023,44,65,
24031,26,94,0.5074784886196243
24064,36,37,
24142,74,38,0.4492165219696918
24146,96,8,0.43911453138537204
24200,59,84,
24230,22,21,0.5041319657927317
24247,27,99,0.474885597180096
24271,85,85,0.5265739941016309
24306,56,12,0.5093207610613435
24339,38,9,0.5564714910280654
24355,32,81,0.5322678920110604
24390,34,78,0.5529439239139927
24407,16,39,0.46031204830968836
24425,59,6,0.556647620303179
24452,35,23,
24456,94,21,0.50113913517352
24470,71,4,0.5320438047948585
24507,77,86,
24554,4,19,0.5014986274690025
24572,74,96,0.5294382147390482
24595,82,6,0.46201100676650436
24598,41,62,
24621,24,7,0.47198782486327745
24700,44,42,
24720,11,72,0.44812554081946165
24739,46,52,
24751,46,44,
24848,69,19,0.5068076541854906
24901,63,44,
24906,67,27,0.5619907402344555
24977,35,96,0.44199742238539397
25018,76,92,0.55800226484775
25022,91,40,0.5181823531653671
25025,47,64,
25028,99,50,0.4865111208932103
25036,31,92,0.5352646718412136
25040,41,8,0.45147315500674456
25078,90,27,0.4934461120310125
25121,86,43,0.43751865196490497
25160,96,6,0.4375211516499981
25194,89,7,0.45066840944812797
25223,2,66,0.47268377415462537
25231,14,20,0.540481238981382
25237,76,32,0.5317323019307705
25240,73,0,0.4879292438595485
25324,79,48,0.47819077539002125
25345,64,33,0.5333650226196822
25396,41,83,
25399,39,31,
25402,98,78,0.5296206242669698
25425,20,6,0.5488507248572346
25437,80,4,0.5276407622651724
25480,79,95,0.5302043219821947
25495,63,97,0.4380981922843387
25546,34,37,
25550,28,22,0.4580423151634271
25603,95,35,0.4592454879181906
25635,2,35,0.5438730449268022
25667,47,7,0.5589335113193576
25685,28,43,0.5199079405674228
25721,77,52,0.4375887825708147
25739,95,47,0.5170961924724666
25757,76,46,0.5533536519279568
25768,55,87,
25784,36,5,0.44766833985255056
25863,10,84,0.5246365436292129
25867,75,77,
25872,63,7,0.46067288409113905
25903,25,77,0.5444594069124923
25918,16,59,0.4512133582389767
25969,73,93,0.4623027319851291
26018,28,24,0.5311532482247188
26035,58,58,
26059,69,75,
26090,73,32,0.5002569680074493
26121,9,82,0.5621581840465467
26153,61,78,
26304,80,74,0.5537801403479978
26311,42,15,0.43948403034916195
26322,22,75,0.5504195761066588
26326,95,49,0.4851521969220999
26327,77,31,0.43760912856895584
26329,15,99,0.5491089296815903
26348,80,9,0.5018072234376674
26382,67,8,0.4970044976796342
26392,1,15,0.541727085562654
26396,46,74,
26407,58,68,
26411,55,66,
26416,59,65,
26448,34,0,0.43752397744946275
26453,5,39,0.5517887084230324
26485,13,25,0.5589847267790268
26490,57,34,0.4662842370704018
26491,64,92,0.5623094890079531
26571,28,86,0.5354779628747989
26576,47,24,0.43779978830089933
26620,52,14,0.5570759887499065
26652,39,42,
26655,4,4,0.43750120552259164
26667,91,78,0.46456034383175804
26705,25,85,0.5606311265917088
26732,53,28,0.49139528068574195
26818,40,90,0.5621025053719862
26822,50,66,
26824,26,33,0.5182343563221331
26840,60,81,
26845,0,87,0.48515643780756124
26862,98,45,0.5587583144723325
26896,22,47,0.5620785559502384
26913,2,23,0.5154969457849697
26916,10,16,0.49206200377616843
26938,91,32,0.4885924845957592
26947,87,1,0.48747267464389055
26963,21,79,0.5433560839935073
26987,80,75,0.547368220571004
26993,96,83,0.4589728925637773
27016,12,67,0.4586970742531342
27029,35,95,0.4592454879181906
27117,30,98,0.43766337420132195
27127,99,37,0.4821594684480741
27133,75,20,0.5204441463402377
27140,72,76,
27185,13,38,
27202,62,47,
27205,48,64,
27222,93,88,0.5447866824065551
27223,17,65,0.4375023685721432
27236,30,81,0.5451775840146886
27267,83,47,0.4707491597935462
27274,49,47,
27277,11,27,0.5623615880407229
27278,5,49,0.5012925850533806
27309,17,17,0.5435779036359923
27365,16,48,0.5297533790489215
27403,75,50,0.5149474682964119
27408,77,17,0.4955574565634204
27409,66,61,
27420,61,15,0.44549883047853384
27446,18,52,0.5576901564294864
27449,25,33,0.48550681574842297
27479,0,43,0.4809770907730483
27509,32,95,0.5623682160429964
27581,26,86,0.4424102140915919
27594,15,93,0.5564500501244765
27601,43,33,
27624,0,13,0.45653351352383753
27629,12,62,0.43885774234242964
27638,33,79,0.44629956892863754
27640,58,17,0.437652472283616
27658,86,90,0.46835238973914156
27711,69,57,
27725,7,30,0.44089652000239116
27730,12,6,0.5507241194760465
27793,88,31,0.44078057663695963
27882,43,19,0.44386543403116774
27890,98,28,0.46790879771513055
27942,4,26,0.5468570957557775
27947,76,12,0.4743198699844653
27986,56,29,0.4960220735716148
28005,77,91,0.5597137449606963
28030,39,74,
28035,54,50,
28066,78,10,0.5432814888521469
28085,75,54,0.561692991080983
28152,63,30,0.5596052799983381
28190,45,30,
28205,0,56,0.46430864965624197
28250,53,98,0.5347503150864708
28290,1,65,0.49597043808237656
28376,36,1,0.5517597249833033
28379,53,49,
28380,48,4,0.47940759452747017
28387,49,43,
28431,7,74,0.558652389250331
28442,37,48,
28446,13,88,0.5478364792638318
28486,4,71,0.5320438047948585
28518,44,62,
28527,58,87,
28575,80,64,0.5559067192588062
28602,92,81,0.49288644251940766
28618,49,62,
28648,70,52,0.47047516997231065
28661,43,10,0.49175503203650434
28715,47,37,
28728,76,63,0.46160489129189247
28762,72,10,0.45397388969415076
28763,56,90,0.5573065835392426
28794,87,25,0.5404799084409605
28797,7,7,0.5405600271173282
28864,48,33,
28896,0,26,0.504080335814883
28906,5,45,0.47079257921498724
28935,12,55,0.43842659555329466
28949,95,13,0.44532119458171615
28991,59,29,0.5624341489985681
29002,29,21,0.4629211643174013
29079,52,78,
29163,57,41,
29184,62,24,0.5493628200357503
29221,93,20,0.49165419494739826
29236,30,7,0.44089652000239116
29242,82,88,0.5538033734097753
29289,85,4,0.46633002288419373
29291,55,35,
29296,94,52,0.4805807259871252
29482,70,29,0.5051097462548086
29509,77,26,0.56056781507978
29528,38,58,
29604,82,91,0.47120198513419087
29616,3,17,0.5215649648915845
29621,10,34,0.4381950053215977
29705,40,5,0.5603042023854325
29755,14,17,0.5323549786002261
29764,3,52,0.44446868866190903
29766,24,49,0.5619296940017794
29905,91,27,0.43768657526226906
29996,11,79,0.453937130243736
30039,43,74,
30047,40,9,0.5490116795563715
30266,35,64,
30389,90,19,0.44873691867051374
30399,17,66,0.5161959665918595
30490,53,20,0.48681612719612594
30494,20,73,0.4509557014120633
30544,66,0,0.4501654942215064
30584,47,41,
30632,20,42,0.46667727592930747
30660,83,96,0.4589728925637773
30756,32,27,
30787,34,31,
30813,89,92,0.4752160784912647
30907,71,12,0.5333650226196822
30951,67,48,
30955,1,24,0.47974990703370834
30963,60,21,0.5032039712453903
30964,32,87,0.4734776031038483
30967,92,82,0.4761750783722905
31018,13,51,0.5565818625938949
31057,54,6,0.48884522635635674
31060,14,42,
31077,53,93,0.43919835658700607
31096,29,4,0.5620726379164743
31240,36,89,0.43909222456396063
31242,23,29,0.43908025049338506
31325,2,49,0.510698002213968
31364,46,78,
31379,25,99,0.5624475555363138
31464,20,19,0.5061403698271824
31524,46,97,0.49845227733164815
31595,59,89,
31629,86,73,0.5539867713618767
31662,2,98,0.43782064119714115
31683,33,85,0.4437303873623884
31709,50,45,
31786,58,55,
31825,88,65,0.5595745975570552
31837,24,24,0.513838913612242
31846,21,63,0.5222417682258933
31899,62,76,
31904,17,51,0.45896959914857677
31910,7,26,0.48226118262000595
31932,58,8,0.528196269708234
32049,98,65,0.47162152318637607
32071,72,0,0.4472489878204691
32111,79,9,0.44355146155561725
32127,17,11,0.557284866007592
32213,13,55,0.4920115497620783
32246,94,33,0.48240756557569353
32289,9,85,0.4912953883948177
32354,12,74,0.5067047770696727
32412,14,88,0.48585682521083096
32415,24,12,0.5376174772698041
32422,68,87,
32540,45,86,
32650,24,79,0.5398489749509325
32712,15,58,0.5623968607421321
32728,54,55,
32730,8,19,0.45435965144304075
32733,33,28,
32800,10,79,0.448095239025655
32822,25,10,0.48226118262000595
32823,51,81,
32844,81,75,0.48152169594197897
32871,39,82,0.510848323793877
32883,32,73,0.5002569680074493
32961,91,77,0.5597137449606963
32966,79,97,0.5341892266901668
32970,46,4,0.5526680821085408
32981,60,15,0.4447325681520494
32993,94,12,0.45464164160058446
33065,96,66,0.5474990096065563
33080,44,10,0.4653759166445221
33082,97,51,0.46897915360077236
33083,7,22,0.5154969457849697
33103,38,50,
33116,89,42,0.44381886326312847
33157,31,37,0.5624517773455961
33206,7,47,0.5589335113193576
33228,34,79,0.4553616012277621
33231,14,16,0.5621308206618864
33285,6,19,0.46384290898966185
33363,75,64,0.5603317648287575
33413,85,59,0.475316727175877
33437,85,55,0.4592454879181906
33473,95,3,0.5285635121283525
33495,21,0,0.4977264897424838
33514,96,87,0.4438635145850013
33578,59,24,0.5462715554257921
33588,86,14,0.5295279208435171
33602,90,94,0.4394719879280025
33666,53,55,
33705,72,97,0.45716667139906325
33735,52,54,
33773,36,66,
33774,34,64,
33777,58,37,0.451084261624309
33797,37,40,
33815,70,66,0.5105467562097606
33830,66,36,
33859,58,23,0.46123646141912694
33865,29,13,0.5060888762805529
33921,78,94,0.5374547862177314
33999,73,59,0.4432215604378497
34082,28,47,0.5498646752638405
34099,51,46,
34205,14,6,0.441240805305796
34290,51,73,
34300,9,27,0.5272704764058854
34320,91,23,0.4432215604378497
34348,85,18,0.4783848521844179
34356,71,91,0.4396831511667185
34359,24,3,0.5412634349907895
34440,16,67,0.5053159920791417
34465,36,93,0.48107735491927006
34473,21,30,0.5624934688933203
34629,16,75,0.5554352410795907
34647,30,35,0.5509043619269519
34648,79,87,
34649,61,95,0.5581171886504225
34650,51,79,
34700,65,72,
34846,77,44,0.43778504477505953
34853,79,78,0.5614922880342398
34875,98,70,0.4531452281089108
34877,95,18,0.5241642081856812
34885,8,58,0.528196269708234
34923,66,69,
34928,2,6,0.5579261653703848
34958,17,23,0.4962295140142202
34962,21,15,0.5584539634433302
34973,84,47,0.5526694924029101
34981,27,20,0.5510241661664761
35040,74,81,
35092,75,47,0.5323121934317028
35100,55,86,
35116,80,24,0.43898947379813796
35122,75,62,0.5011865029021019
35128,77,11,0.4400918776369665
35189,18,92,0.5469266665043083
35190,17,6,0.4475554711450143
35218,81,7,0.5236383141294192
35235,98,51,0.4392344843056068
35283,51,88,
35288,71,42,0.5621581840465467
35319,48,6,0.4841032459162993
35521,25,49,0.555195609372591
35540,19,90,0.44873691867051374
35574,21,40,0.5212246552018566
35591,56,23,0.4691155233705054
35608,10,30,0.43873204513053143
35620,19,78,0.4864648653662352
35628,34,53,
35646,19,33,0.5340187144147149
35649,33,14,
35653,78,50,0.4402878145428772
35658,37,7,0.5526406769951713
35725,84,78,0.5003648160273184
35731,24,47,0.43779978830089933
35762,96,86,0.5073774724955866
35783,98,2,0.43782064119714115
35800,58,85,
35822,10,40,
35855,52,53,
35856,53,66,
35934,75,98,0.5566676204729136
35966,23,66,0.5555305224417025
35990,80,67,0.5598028928350958
35997,48,46,
36011,80,47,0.5210810553384969
36022,88,56,0.5536743999527248
36027,4,99,0.48256076120707037
36065,33,30,
36095,22,49,0.4376948572683027
36128,44,44,
36172,76,2,0.4380984333433409
36221,61,77,
36263,85,62,0.47980134351950043
36329,89,31,0.43758604708218085
36416,47,8,0.4375000522245326
36425,78,71,0.45819788898592567
36439,96,93,0.46929258242029687
36456,69,56,
36465,73,87,
36479,52,13,0.4696123735146272
36544,33,17,
36568,16,19,0.5471973214321999
36569,82,67,0.5259636530075584
36643,97,40,0.43795779238194776
36663,54,82,
36747,18,12,0.5392875794740918
36782,80,92,0.5540938184608043
36808,83,61,0.5578686878124903
36828,58,19,0.4404578476210611
36849,70,11,0.4584278923890998
36851,44,2,0.44862029310829243
36870,3,34,0.4566824700522567
36913,16,28,0.46554841170963035
36938,6,30,0.5611100856077612
36956,8,62,0.5529178025534813
36976,71,63,0.43768657526226906
36991,93,33,0.4641403751988248
37011,72,60,0.45038651109448663
37015,94,86,0.5578468074560284
37029,86,94,0.5578468074560284
37072,37,9,0.5340187144147149
37104,25,60,
37126,74,89,
37157,33,66,
37230,15,82,0.5406766749184008
37246,8,28,0.5363678148728004
37253,9,26,0.5598186673249219
37264,72,20,0.48171784162380815
37274,83,44,0.5622441318235041
37298,3,41,0.5616682207307975
37333,60,86,0.5570330291709913
37383,5,37,0.5106971419320304
37419,46,64,
37424,77,81,
37462,15,30,0.5254905153064094
37520,29,53,
37628,79,17,0.5233002002247394
37649,16,82,0.5251609880610572
37650,81,85,0.5358165314893639
37666,33,78,0.545641554081772
37713,27,92,0.5364953605349752
37726,97,83,0.48083261330582694
37765,48,38,
37775,54,69,
37793,93,2,0.5498974295179544
37839,49,82,
37844,17,86,0.5411869679067519
37859,72,12,0.48470450191849396
37881,3,78,0.5617975522661699
37900,47,77,
37926,83,3,0.5590860781290542
37940,44,97,0.551612798828655
37952,1,31,0.5401259915988852
37954,70,31,0.47015643635953797
37963,44,5,0.44384270330472175
38002,64,21,0.4538690176492293
38045,46,22,0.5621138791069932
38066,88,14,0.48585682521083096
38108,95,44,0.5488490908593403
38167,31,29,
38182,37,47,
38267,89,85,0.4944804421260917
38378,0,42,0.5090640022430755
38384,71,80,
38396,28,44,0.44598543204750873
38405,76,74,0.5582306785208602
38443,36,21,
38521,11,23,0.557055242087804
38571,63,21,0.5222417682258933
38579,80,19,0.5555554477880045
38598,49,92,0.4601105180886631
38617,20,51,0.46826695829149473
38720,71,61,0.5584166342000312
38726,34,30,
38760,79,93,0.4975748643849088
38785,41,64,
38805,51,11,0.44141913658872606
38839,90,78,0.5442010128788789
38872,64,83,
38890,19,57,0.5611426321328464
38909,17,87,0.4381648189798116
38940,27,55,
38974,2,37,0.5012917120728547
38976,42,68,
38981,8,33,0.5135368519941069
39007,46,45,
39037,38,52,
39081,92,38,0.4495809523642829
39131,89,33,0.43768657526226906
39134,52,58,
39172,64,10,0.5361563912618976
39196,48,14,0.5599226121158645
39206,34,40,0.5589678878377073
39230,74,75,
39328,65,88,0.5595745975570552
39349,25,88,0.5576911640966251
39388,44,57,
39405,40,18,0.43847150574692406
39416,31,42,0.49313919092803843
39450,82,97,0.450356121841955
39451,76,52,0.5045422881244354
39504,17,27,0.5180858280578384
39513,85,26,0.5599803696229879
39536,91,84,0.46641872515539745
39542,6,51,0.5542464892343028
39549,77,79,
39594,49,29,
39601,40,62,
39620,30,67,
39628,63,36,
39631,98,60,0.5004104447441258
39635,39,40,
39768,60,99,0.4481843090296366
39781,55,85,
39796,93,92,0.4379958442797399
39854,26,35,0.46156201175913597
39866,15,97,0.4653744627886675
39869,10,15,0.4475554711450143
39941,52,15,0.4506065431348119
39983,71,13,0.4457269775685247
40021,0,47,0.5624941840714996
40034,47,94,0.5623544404825755
40140,26,56,
40188,62,96,0.5432409945892774
40212,14,40,
40242,43,26,
40244,58,10,0.4828076646179157
40287,20,43,0.524258001844634
40297,22,5,0.43817211149962826
40345,79,42,0.4618058994211563
40409,16,14,0.5621308206618864
40411,38,86,0.43944584889835586
40412,52,37,
40495,67,93,0.45193458857878044
40508,18,21,0.4377948325846756
40529,23,98,0.5535947083338596
40531,18,77,0.5112557339096858
40537,22,80,0.5567336547113242
40542,78,81,
40569,77,85,
40611,61,53,
40817,7,52,0.5057283065841106
40847,90,70,0.5530832600764617
40852,55,54,
40927,40,83,
40939,53,47,
41025,75,72,0.44442048008146057
41045,16,38,0.49170374530323047
41074,65,2,0.561473380588637
41111,84,93,0.43817262243183247
41119,26,36,0.5352668345087445
41224,20,32,0.4695212241915791
41253,11,13,0.4576989831432194
41260,4,5,0.4576609078434487
41289,44,51,
41352,42,13,0.45048000007467487
41413,33,84,0.5215147536992272
41419,71,92,0.5514111486066359
41424,24,84,0.4600342630925741
41447,63,69,
41464,37,97,0.4982971045698118
41474,41,36,
41507,30,60,
41517,11,96,0.5613782076745092
41527,88,89,0.4852586778539798
41547,23,62,0.5524159024414436
41560,66,22,0.4465661315741973
41594,93,83,0.48585512418258214
41595,1,69,0.5567564397996887
41609,85,57,0.4544286196061104
41629,4,78,0.561247785232416
41721,64,62,
41723,8,99,0.5550480472388212
41741,11,73,0.48636129983809867
41798,87,19,0.44590881845779207
41811,47,56,
41826,11,41,
41889,31,50,
41957,96,74,0.5294382147390482
41964,7,88,0.4399896623783706
41969,75,93,0.44051974955872686
42020,99,2,0.5403253313516151
42051,57,46,
42098,17,74,0.5554603262667623
42111,48,57,
42114,6,59,0.556647620303179
42135,66,57,
42159,10,60,0.4836524874819938
42160,98,17,0.5598627084256
42247,5,50,0.51509560081672
42251,0,82,0.5279674859432557
42256,64,48,
42287,47,80,
42315,82,69,0.5573272143001088
42317,49,21,0.5623877539716817
42336,79,50,0.5543991487681722
42342,15,89,0.5056278596725694
42359,99,59,0.49252672524368435
42370,20,58,0.5155980220429407
42408,50,81,
42420,89,19,0.47244896642858225
42456,74,4,0.5051613130523619
42490,68,40,
42499,4,40,0.5284276906050489
42509,41,89,
42551,34,13,0.543689039520959
42586,92,34,0.4603100247634652
42642,70,41,0.4907807268304297
42671,79,94,0.45273263260886293
42696,85,88,0.5178413808622693
42727,59,42,
42745,4,76,0.47291433787892306
42776,0,69,0.45987335142900687
42854,5,97,0.48555460349811946
42868,17,18,0.5310185847731007
42882,50,15,0.49313919092803843
42966,70,17,0.4416746012977352
42994,37,36,
43010,21,70,0.5443847696851825
43042,7,44,
43071,97,76,0.5618434566749076
43126,96,62,0.5432409945892774
43136,5,60,0.4380429918354915
43199,18,20,0.5416499859123375
43201,39,10,0.47217299339613683
43254,54,72,
43287,8,16,0.4961262241815917
43307,54,62,
43310,43,21,0.5211759810785607
43328,32,94,0.5089598720537073
43329,33,24,
43342,11,31,0.4826576418872161
43449,78,6,0.4561625887214497
43563,35,36,
43684,54,61,
43721,5,41,0.5365771951150782
43741,52,86,
43744,39,30,
43760,81,88,0.5430538276601351
43769,65,40,
43772,71,53,0.5606311265917088
43781,47,32,
43791,93,5,0.5436532739278999
43812,51,42,
43841,91,22,0.5073243556406407
43892,88,74,0.45623516190850266
43901,95,73,0.5560649978508325
43921,22,98,0.49948084821537964
43926,73,67,0.4901159888135573
44042,51,14,0.47065543647853153
44057,71,17,0.5371211905518483
44079,52,88,
44081,52,70,
44151,1,84,0.4912441538982127
44175,87,72,0.5592025926154364
44211,3,55,0.43779474787877437
44215,34,50,
44266,8,0,0.4992247727977458
44300,86,21,0.44024215592287486
44381,19,43,0.44386543403116774
44410,3,35,0.5618798365378646
44412,57,19,0.5611426321328464
44429,20,67,0.46107432297023493
44442,5,53,0.44375178477572497
44465,2,90,0.5239254112333277
44576,74,90,0.4509225640005618
44635,44,29,
44646,65,90,0.5614922880342398
44670,89,13,0.5296190864989427
44677,18,34,0.49339639433898214
44726,62,46,
44759,17,73,0.5522745443872545
44859,96,44,0.5613180502975811
44892,64,15,0.44232910765816325
44901,40,15,0.5622577411088624
44920,89,18,0.510848323793877
44929,29,76,0.5206909189346925
44959,30,23,
44970,25,67,0.47002014242232154
45075,41,71,
45105,55,68,
45111,69,26,0.5431693737269621
45124,75,7,0.5615281999913809
45142,89,11,0.43997522463502503
45161,84,4,0.48757407526110785
45168,52,2,0.4439110108865429
45172,80,33,0.5529164086835638
45204,70,95,0.4448517932062289
45246,93,55,0.4875276486683185
45249,23,31,0.5613680965603093
45258,44,36,
