,x,y,value
25,86,50,0.5028251464048331
33,82,45,0.4732971272870082
75,59,11,0.5021497533062445
95,57,50,
99,73,30,0.4851614416265543
106,20,51,0.5084357581466379
149,15,0,0.5333008568861952
156,96,54,0.4682272466946632
200,56,95,0.48626825309183863
205,27,61,
250,17,98,0.5166524830330611
288,22,22,0.5112273885192731
354,74,75,
361,30,73,0.4851614416265543
449,15,85,0.5093213705705604
477,75,77,
555,36,67,
676,57,0,0.467791794510784
679,74,24,0.5250638861127129
684,58,88,
687,80,62,0.533233957795668
691,84,63,0.48138177318430325
753,35,67,
774,81,77,0.5025727003417841
823,97,90,0.5208615166039577
840,49,30,
877,22,21,0.49976736522401083
891,45,4,0.500845118865942
900,72,88,
1055,62,41,
1073,3,79,0.46666704013611926
1102,90,71,0.4980546006961796
1254,32,49,
1324,54,65,
1393,5,38,0.4675320123505071
1440,77,67,0.47300912728094274
1452,77,36,0.46843912399369053
1515,96,31,0.48214953043084663
1569,88,48,0.5333330744326011
1614,54,97,0.5310291313730446
1624,75,26,0.47968160533070575
1638,31,3,0.5097981123319351
1655,69,38,
1667,70,95,0.5077473397771047
1755,74,13,0.5188958430712246
1769,32,68,
1770,78,75,0.47235057283855764
1794,46,44,
1810,83,6,0.5045576265752867
1828,98,92,0.48236532284265354
1834,1,40,0.49398283336751203
1887,19,15,0.5136579876206583
2023,97,35,0.46953886917488863
2094,30,12,
2138,52,36,
2139,82,62,0.46917797741940104
2195,39,10,0.48960271125514016
2199,28,25,0.4671977740543883
2213,5,49,0.5160970941656022
2217,28,60,
2228,68,46,
2258,16,19,0.5331589742420112
2302,45,49,
2322,29,21,0.49673932410238764
2327,22,87,0.5189564595537264
2339,22,62,0.514893979181723
2392,52,9,0.5015631999599518
2460,6,47,0.5152577115791568
2493,48,22,0.5177358648963271
2509,66,60,
2595,1,93,0.5280355747532927
2600,22,7,0.4949047432138553
2625,70,90,0.5079734213487312
2645,45,3,0.5201850400481332
2647,80,84,0.5291221794099583
2742,93,69,0.5039295930067407
2747,90,18,0.5318958262254248
2801,22,49,0.5221150432666684
2810,95,79,0.5325098038189706
2856,31,20,
2980,27,16,0.5129844856079732
3010,60,92,0.5330059431202246
3030,79,73,0.5012115036539828
3057,94,40,0.5141225078613763
3204,29,57,
3209,18,58,0.5224185282165555
3247,54,96,0.4682272466946632
3262,42,4,0.48434440489785346
3295,0,41,0.4779125311094077
3310,27,77,0.48216696095130396
3334,5,60,0.48295375239005517
3354,74,21,0.4978341098486793
3356,84,78,0.5309636526713157
3362,16,51,0.469390095187516
3367,71,41,0.4741772624800751
3375,39,47,
3402,44,9,0.46718554370502957
3407,1,34,0.47296172453542
3422,46,80,
3448,69,47,
3463,98,82,0.5067153563005602
3528,85,79,0.5279556360481934
3629,39,97,0.46850413115444284
3646,45,62,
3691,46,61,
3752,32,36,
3799,91,26,0.533001173518718
3853,0,24,0.5156881030860044
3858,14,48,0.4683175560859601
3861,9,4,0.46800495777492335
3866,48,46,
3899,21,53,0.49798835953107184
3907,14,32,0.5303840905103432
3934,99,7,0.47474582910680163
3955,96,28,0.4682215032633603
3969,82,43,0.47210379907941447
3975,11,14,0.4881826511257671
4008,35,19,
4011,16,89,0.5141584094120678
4044,25,11,0.47947216448575414
4102,53,19,0.5154641789277999
4109,78,34,0.46969209328860856
4111,23,63,0.5332982715590853
4203,21,91,0.5039107146890315
4229,56,81,
4259,80,29,0.477271583376963
4271,51,28,0.4723842868772378
4272,47,70,
4273,24,39,0.4749283940414721
4294,2,1,0.5011306373085221
4297,19,1,0.4980986249143392
4342,19,32,0.5009142799053897
4418,75,52,0.5313143454972397
4424,50,26,0.5330625536233615
4486,87,98,0.4886660254357897
4524,8,78,0.5081077056342475
4539,91,98,0.5307023732990888
4541,23,30,0.466697550828583
4583,83,61,0.5087898694866122
4595,87,82,0.4712796594855531
4606,39,6,0.5326877936554105
4641,26,22,0.53332868185304
4677,5,24,0.5104979635851729
4687,41,24,
4691,2,10,0.5308113946628875
4741,7,64,0.5049860836758343
4782,98,8,0.47188743825053014
4795,89,88,0.4832711867068881
4842,35,82,0.46742297788529996
4849,50,92,0.5082504776359159
4859,52,48,
4869,16,11,0.5014896399774648
4880,38,10,0.4753224013346886
4883,17,65,0.5150544733328909
4888,78,7,0.5047807680463323
4923,24,60,0.531024843573676
4957,0,67,0.5098178342018678
4980,77,31,0.5121978097575369
5215,68,84,
5225,67,54,
5228,94,39,0.46743865448753363
5229,3,33,0.4829044046463598
5242,53,45,
5245,8,56,0.5091756011082037
5311,47,13,0.493333809917938
5321,57,29,0.5166587882851137
5449,13,99,0.4668436103089971
5543,52,94,0.5079203694973436
5550,51,50,
5578,40,20,
5627,7,78,0.5047807680463323
5681,91,45,0.48566456677954845
5728,71,56,0.5141584094120678
5732,69,37,
5741,3,98,0.4672924815034737
5748,55,29,0.494747664728597
5753,97,54,0.5310291313730446
5812,61,39,
5819,17,94,0.4735218334236238
5852,51,63,
5918,15,95,0.49767546545122976
5933,96,78,0.49537225097724275
5942,96,32,0.5118752261003482
5951,12,61,0.5295792088648051
6006,95,62,0.5190774146894807
6080,67,39,
6107,94,79,0.4773893465557334
6118,56,78,
6140,52,81,
6160,36,57,
6172,26,76,0.4863043880743268
6228,51,92,0.4894755586511795
6232,31,96,0.48214953043084663
6277,94,58,0.5296562474894873
6366,36,41,0.46939185800747213
6382,17,81,0.520067641418285
6412,36,52,
6420,59,90,0.5312844226861373
6491,93,45,0.46702502871827173
6517,62,7,0.47974003049973846
6553,91,92,0.516532473718993
6599,24,40,0.5269449877442989
6639,90,63,0.5331450269168712
6692,54,99,0.5289193694520858
6737,79,88,
6759,31,6,0.47014537515740673
6800,55,26,0.46808754317193
6949,17,36,0.46763168700542695
6979,6,66,0.5278217896801266
7103,91,69,0.46950904034171825
7107,81,66,0.521400005816399
7175,23,78,0.49145744060596896
7183,80,31,0.4666673315610519
7222,24,80,0.528876821275568
7264,59,44,
7278,32,48,
7340,47,25,0.5332624654086537
7380,27,70,0.5327948754091358
7448,75,3,0.5325736029681396
7459,5,53,0.5332624654086537
7492,37,18,
7527,67,19,0.5332292520036322
7558,23,42,0.4766029955737066
7565,23,26,0.5316196378595354
7569,56,20,0.4774184928120568
7616,23,72,0.4859295682002328
7657,55,51,
7685,9,65,0.5103076905303464
7721,50,89,
7730,2,5,0.5331039243826371
7732,13,15,0.4763598619082429
7791,29,19,0.4800725313981867
7795,82,51,0.514170499852006
7829,84,86,0.5320920088875197
7892,76,30,0.5019425896132504
7894,88,88,0.5235976136750419
7966,40,2,0.4862118676605385
7981,35,37,
8007,88,14,0.48500729874186593
8014,5,41,0.4740150600103251
8045,35,88,0.4780263954636443
8073,11,10,0.5080162318844827
8093,14,1,0.4692230020779588
8115,86,51,0.520337001782598
8156,76,68,0.5330899285347352
8168,18,41,0.5287084370911072
8169,42,50,
8221,64,20,0.4724140044823448
8229,35,8,0.48179289241557044
8242,1,89,0.5275471116712428
8246,61,7,0.5144099199770285
8249,22,55,0.49776063356124356
8256,0,10,0.5209210997209811
8320,71,86,
8344,2,0,0.5319697431163882
8359,0,97,0.5256044272049545
8428,37,48,
8467,16,31,0.48289051385668647
8509,26,56,
8563,0,69,0.4879846542133205
8575,65,92,0.4808503418852601
8621,91,15,0.49695924635900274
8631,83,33,0.5031962596649975
8689,36,60,
8737,50,12,0.511331328457216
8756,51,95,0.5263785659533059
8762,26,49,0.48445632009628603
8765,35,96,0.5151385233421462
8767,19,36,0.5213503343602705
8769,1,20,0.5331440805918094
8829,78,23,0.49145744060596896
8854,79,96,0.5321952554188886
8897,7,13,0.47493906166670513
8921,16,17,0.48239897842715634
8980,31,87,0.5323566936526887
8982,92,18,0.47875051446525685
9038,17,26,0.5087117913116962
9055,12,29,0.5129844856079732
9153,56,25,0.4745081102296255
9178,35,45,0.49798835953107184
9180,95,28,0.46785058841600513
9187,20,80,0.5277811642390126
9218,30,53,
9236,56,33,0.4872450583697956
9254,93,78,0.5310021529677844
9263,11,22,0.47262905738403704
9323,13,37,
9376,92,75,0.5170702423747384
9384,96,18,0.5315660916412308
9450,1,85,0.47986652544047614
9461,20,38,0.5310916871733259
9522,66,72,
9561,21,9,0.528551583004358
9659,37,38,
9675,89,78,0.5233802996970847
9717,88,84,0.49628545106326205
9784,22,16,0.4682411029251291
9797,85,26,0.5289923259853752
9821,58,4,0.4730333659372406
9832,27,78,0.4667010026883893
9868,45,51,
9873,98,78,0.5280132286625878
9928,60,15,0.5243765100883734
9961,49,17,0.4812427333171495
10008,68,74,
10013,19,30,0.528336637766843
10037,38,30,
10072,67,6,0.4781862601045886
10118,4,56,0.5007921329716751
10189,37,64,
10236,96,69,0.4687461435120913
10287,57,37,
10357,68,68,
10392,90,86,0.4929691234967953
10455,74,4,0.49360955609579216
10481,40,79,
10501,85,52,0.48433404908730715
10514,22,35,0.5094033025218174
10674,14,70,0.5314973387782078
10684,71,16,0.5301497018517071
10688,73,18,0.49904447808854374
10707,63,60,
10710,45,20,0.47737953461398264
10743,12,33,0.4668917960050562
10764,42,2,0.531051694683616
10825,67,98,0.4773729953371263
10843,57,63,
10866,64,54,
10962,8,6,0.5209210997209811
10970,33,67,
11014,40,75,
11021,83,59,0.5315939338342602
11076,34,67,
11126,25,16,0.4666679144756134
11135,41,50,
11143,45,79,
11147,88,73,0.4963891976382391
11273,36,38,
11322,77,82,
11343,25,13,0.5117677871129193
11363,26,33,0.4814355025713054
11378,38,55,
11405,7,5,0.5327463983637059
11415,34,84,0.5066618403384484
11444,93,99,0.4846416704817937
11486,87,57,0.5164505472848764
11511,52,92,0.5082688950150922
11650,94,2,0.4904710159936823
11714,12,40,
11768,87,47,0.4915215995263911
11786,47,91,0.5294152729368283
11800,21,29,0.49673932410238764
11842,88,54,0.4975886917226023
11904,14,39,
11926,59,75,
11942,75,92,0.5170702423747384
11961,41,59,
12041,47,3,0.4680004219957593
12042,15,55,0.49798835953107184
12051,35,7,0.48472395711440003
12086,69,66,
12161,17,80,0.5154458956294421
12233,77,59,0.528330458108807
12238,9,70,0.5300605969935113
12241,63,41,
12299,47,38,
12303,68,48,
12386,13,98,0.4904330316144568
12419,31,51,
12423,95,20,0.5299683775950139
12449,22,81,0.4791167314044153
12452,82,0,0.5080633483360817
12490,16,36,0.5328904204073297
12499,52,90,0.4752789313790688
12525,95,53,0.4956773675388557
12527,27,99,0.5241350678178518
12553,7,59,0.46916228549849753
12671,41,88,
12780,33,78,0.5264639199052261
12800,98,81,0.5090452186541139
12813,59,67,
12824,23,25,0.5110580819670765
12853,24,49,0.46939185800747213
12890,57,25,0.5222852605838177
12957,85,96,0.48884464973554625
12996,0,21,0.5328817672618044
13011,30,93,0.4975358317686469
13023,80,60,0.4682215032633603
13054,20,34,0.5041167596177978
13073,66,64,
13125,20,40,0.5281173576406906
13134,55,90,0.5028590142708603
13146,73,41,0.48581486618263187
13162,36,63,
13170,22,36,0.48434440489785346
13194,77,4,0.5160790213474142
13273,2,79,0.4666915381178317
13291,65,64,
13317,53,66,
13322,96,2,0.4910015315481276
13333,1,62,0.5272281779090645
13472,24,3,0.4754544684482139
13492,0,9,0.47834700716264467
13598,74,55,0.4958350791349947
13628,84,0,0.5161254289220638
13676,28,36,0.5333235931367577
13690,36,6,0.5079647753640317
13699,83,39,0.5163864621894031
13704,37,81,0.48706025555808513
13708,16,43,0.5329814037027485
13713,60,33,0.5332124588259683
13727,89,97,0.4675006070578224
13784,39,17,0.490616509013524
13858,40,57,
13892,68,11,0.5234263946624677
13934,76,60,0.48485897056994703
13950,10,51,0.46739117822797743
13963,25,80,0.48282354316138804
13994,12,17,0.4753580628053849
14016,57,74,
14050,90,15,0.49790759670611606
14057,96,42,0.47393139134159334
14069,25,34,0.4671358008837704
14070,17,39,0.490616509013524
14073,83,45,0.4704004984166995
14085,90,69,0.4691371539648916
14092,41,5,0.4740150600103251
14154,20,74,0.5263867292636967
14169,13,49,0.46708668873471526
14180,18,42,0.47245540786420914
14252,41,72,
14277,14,0,0.5024391611994417
14278,96,0,0.4666697874309153
14313,40,34,
14351,57,73,
14453,45,36,
14459,93,64,0.4667790670737312
14547,23,27,0.46671407950040766
14608,34,46,0.5247763745965326
14610,62,8,0.4771555314290481
14646,9,26,0.5165208746284375
14648,50,76,
14659,61,97,0.5300555258983866
14702,37,93,0.532671849784993
14741,83,99,0.5048420258275764
14772,42,70,
14823,30,21,
14883,90,20,0.5300695081166814
14889,57,5,0.46680438418062026
14892,79,26,0.5141038133538792
14944,5,66,0.4935575454459838
14947,47,2,0.4677022097462786
15031,21,65,0.4717131340941825
15069,23,14,0.46737690227455053
15121,82,52,0.4837380735879934
15211,46,23,0.47382708024070824
15262,29,27,0.4686081911208576
15263,8,90,0.5033750256441207
15287,36,25,
15295,49,26,0.48445632009628603
15303,94,29,0.5103007679813188
15347,19,49,0.4834612184593311
15382,2,77,0.46877649521891823
15478,4,85,0.477271583376963
15522,69,69,
15538,55,89,
15586,72,7,0.510502189029191
15608,87,84,0.46788980416240483
15632,12,3,0.48671914641769387
15635,88,67,0.4787243362126025
15642,45,96,0.4875218131119262
15646,1,36,0.5001266450625904
15759,94,85,0.5262039737740396
15780,10,13,0.5019910548112949
15782,59,55,
15830,90,93,0.5324407716617633
15872,29,13,0.5179808142300724
15905,96,30,0.46710814651635
15999,98,99,0.4907155581105361
16018,26,96,0.532654493695792
16035,81,75,0.4915928355944796
16050,21,77,0.4770048274300827
16062,9,21,0.528551583004358
16094,77,86,
16113,16,88,0.4744446119298004
16132,43,17,0.4677781808858908
16136,39,75,0.496482929821476
16145,45,63,
16165,10,19,0.5318397069805308
16173,32,50,
16175,92,50,0.5082504776359159
16186,28,7,0.531731515609582
16252,60,2,0.5181935620661287
16254,76,31,0.4764524641946776
16268,98,47,0.5277592357254849
16360,27,63,
16432,12,84,0.4670815823302801
16522,2,90,0.48996858721056075
16541,17,84,0.48613419026222215
16593,77,3,0.4691903168539732
16650,82,89,0.46939538528546104
16663,28,33,0.5155762534183844
16751,11,69,0.4759861132124194
16762,82,47,0.5096150339445862
16778,79,84,
16786,79,15,0.467359480698305
16809,5,54,0.49497752746074497
16856,8,76,0.5312548517126229
16863,58,83,
16867,58,70,
16870,16,0,0.5154028563105658
16886,22,77,0.5296743275229364
16924,90,24,0.5291129256666074
16932,96,15,0.4989842234990514
16952,97,28,0.5183498976221695
16978,21,25,0.489929237408129
16981,48,56,
17052,14,35,0.5287435335031444
17070,1,92,0.5258414192062217
17173,32,4,0.5232834969144908
17206,44,98,0.5079203694973436
17266,49,40,
17271,56,93,0.46703282134504254
17286,13,73,0.5284561433878251
17379,76,83,
17418,56,49,
17437,56,15,0.5142915998123565
17460,95,27,0.46685327167785534
17511,55,79,
17521,51,33,
17547,67,86,
17554,74,12,0.5139889671220216
17560,69,23,0.46758442986943943
17565,91,20,0.5296468203097398
17599,25,72,0.5056227816092206
17650,35,62,
17667,38,4,0.48456451350872254
17732,28,75,0.5229632405263106
17753,70,43,0.5024875782298199
17769,51,25,0.532589155534159
17795,36,16,
17797,6,52,0.4914816926421899
17896,88,46,0.47332888524576183
17915,38,21,
17921,29,87,0.5163864621894031
17970,25,66,0.5300605969935113
18000,47,26,0.5221150432666684
18036,20,62,0.46738114555632565
18082,58,64,
18108,29,73,0.47153923287647137
18118,2,28,0.5333327526774433
18122,95,6,0.4830689722801127
18154,55,15,0.49798835953107184
18162,97,99,0.466686578928819
18173,10,33,0.5033500661612841
18251,15,82,0.468044047433731
18267,4,48,0.4988855492490756
18274,22,83,0.5254205936052628
18333,49,95,0.5255109251255807
18348,59,33,0.4867718629443668
18352,78,76,0.4688096266613394
18361,62,67,
18368,94,72,0.5256732074042763
18419,93,85,0.5279154619545425
18483,88,68,0.46669003059512626
18496,15,91,0.49695924635900274
18509,62,58,
18514,85,53,0.5073773310297508
18531,55,6,0.5205150951811127
18532,96,56,0.4874726808312996
18639,23,60,0.47198831605326447
18649,49,51,
18675,72,89,0.5271907848710217
18689,26,98,0.5197903529802659
18700,84,89,0.46702526641346653
18727,54,20,0.5226831062778797
18737,38,32,
18738,64,29,0.4860672601856932
18765,97,39,0.46850413115444284
18862,59,43,
18867,15,24,0.4713103032543137
18900,75,2,0.5327948754091358
18912,29,48,0.5202271937592847
18967,94,51,0.48981706740004055
19016,22,53,0.4909107950970387
19061,96,58,0.4830512002735389
19094,4,45,0.500845118865942
19106,33,55,
19119,90,54,0.46856973401079677
19133,95,91,0.5024258405227251
19192,23,10,0.4770667050021251
19249,54,26,0.5044000629572566
19251,62,45,
19351,38,52,
19410,90,66,0.5333326985841674
19412,52,75,
19474,40,78,
19507,93,87,0.4827618679251131
19529,26,18,0.516036476277767
19540,65,25,0.5332292520036322
19555,23,43,0.493333809917938
19682,57,93,0.5333316880018385
19743,83,28,0.4693320894221707
19787,92,80,0.5333321600656287
19802,3,75,0.5325736029681396
19812,55,74,
19830,18,23,0.5300586729003114
19854,47,20,0.5036385637377657
19861,28,66,
19900,90,42,0.4732734163535153
19901,69,87,
19971,2,47,0.4677022097462786
20102,97,41,0.4949659305339922
20119,42,14,0.5222885712322037
20130,85,81,0.4692257983780214
20141,31,68,
20143,86,65,0.5270546039412637
20146,22,14,0.46682834136596035
20147,64,75,
20164,64,59,
20175,44,93,0.5140917104057545
20298,88,15,0.4686776332429665
20302,56,83,
20336,14,55,0.5328079776735831
20383,40,59,
20427,70,88,
20463,58,48,
20497,98,27,0.4880409023675793
20526,39,90,0.5309560053167199
20588,53,28,0.5327425367265674
20647,89,61,0.5294063259031702
20650,57,9,0.4810908397967741
20682,69,45,
20707,79,74,0.5333275893567226
20777,73,49,0.5272747747872338
20780,44,66,
20794,31,8,0.5207394769382496
20807,41,11,0.4905105717164471
20844,38,54,
20915,95,46,0.47088571010155417
20938,63,12,0.4720307206711327
20953,97,25,0.5073773310297508
20954,82,24,0.4776633496757607
21026,11,36,
21058,14,5,0.5080162318844827
21108,9,3,0.5191135593647582
21116,66,4,0.5300497477718067
21120,44,52,
21149,26,20,0.4921067607237364
21169,85,20,0.5331668600782924
21173,88,83,0.5318218123539079
21201,43,10,0.5313848756381196
21222,47,37,
21237,51,55,
21317,93,51,0.5268004011832907
21337,11,20,0.5253308700696896
21353,91,88,0.5313569725273123
21484,94,46,0.5147871015152624
21486,35,75,0.520067641418285
21490,56,66,
21521,68,40,
21545,44,72,
21548,1,48,0.5022761129804619
21567,73,92,0.5320221562140678
21636,41,43,
21638,81,12,0.5332751815056835
21653,86,24,0.5322229714078616
21674,52,10,0.5330149313359226
21706,70,77,
21725,15,1,0.5091090690330631
21771,3,4,0.5056271698576754
21829,38,53,
21884,42,93,0.47368812117724335
21892,85,31,0.47432964487747287
21948,45,86,
21949,7,91,0.4990372020310846
21957,64,12,0.48418211914635495
21978,26,17,0.5087117913116962
21992,43,91,0.4875709769409083
22064,91,16,0.4697450289841277
22090,21,74,0.4978341098486793
22117,42,56,
22139,65,90,0.5310291313730446
22163,37,35,
22200,43,37,
22215,9,27,0.4763858335641076
22274,48,13,0.514295621816071
22390,60,98,0.5085453044014837
22462,13,90,0.5242314158979583
22513,24,47,0.5015631999599518
22528,65,30,0.49285408146247967
22574,77,15,0.4724994613429042
22583,31,42,0.48825153427761525
22601,25,85,0.5047879717492444
22622,75,81,
22634,9,62,0.5332468133745665
22682,26,43,0.46702331520569645
22725,29,30,0.46983273206011167
22843,72,1,0.48054653601292907
22847,59,18,0.5210766382306201
22856,85,24,0.5328944872183894
22872,49,48,
22917,63,2,0.4689794605420821
22928,99,74,0.5191377527526474
22984,89,89,0.46785015918397604
23047,73,40,0.4696207482903297
23063,84,98,0.4980752012533727
23083,37,82,0.5256129770572842
23089,60,44,
23093,3,2,0.5171410865914461
23104,86,84,0.5320920088875197
23133,22,86,0.49802066800686134
23156,62,18,0.48056691349606223
23169,4,1,0.4774336759528691
23181,62,65,
23221,23,75,0.4724994613429042
23223,33,33,
23275,97,84,0.4672660768753365
23330,2,65,0.46685250333941297
23353,96,38,0.4975886917226023
23361,85,85,0.4796909064257455
23381,48,17,0.5317102580595469
23408,69,78,
23456,83,17,0.5271361449408827
23457,33,22,
23468,10,64,0.5290906300921916
23507,83,79,0.5300555258983866
23515,7,31,0.5179808142300724
23528,28,65,
23582,29,60,
23694,71,68,0.5128446095835777
23699,29,40,0.5130481779417958
23702,66,76,
23727,66,39,
23785,89,14,0.524949920465097
23836,22,30,0.46866906022014787
23860,34,97,0.5180488954873165
23862,64,36,
23869,67,73,
23909,39,89,0.4680629890435545
23916,16,78,0.47260137695059046
23919,74,32,0.5040159664478008
23922,51,38,
23925,58,19,0.5047078804939484
23933,32,8,0.4848838443935589
23936,45,35,
23937,71,45,0.5141104084123074
23971,57,83,
23975,53,62,
23986,0,72,0.4681773585952712
23998,54,29,0.4721846857555056
24010,99,35,0.46788936800940145
24042,68,17,0.467963958381773
24087,59,65,
24109,59,57,
24133,92,61,0.527956521123079
24137,91,38,0.49961564526810087
24270,31,76,0.4764524641946776
24362,21,19,0.5070538217112911
24370,92,51,0.4894755586511795
24394,99,53,0.47759885302974914
24395,60,49,
24415,69,56,
24454,4,6,0.4722955532830588
24534,35,25,
24549,87,5,0.5194892684457867
24558,28,0,0.5096262658798068
24583,26,66,0.5070581729185786
24596,17,23,0.5326045490587092
24602,68,27,0.5302140996326542
24617,94,67,0.5213434956246504
24648,19,23,0.4919323443361329
24811,52,54,
24837,4,78,0.4826245849954875
24849,73,55,0.5327935715516958
24864,2,88,0.4668546856044971
24944,25,75,0.46666704013611926
24963,55,10,0.5236255980460718
24996,86,6,0.4763307840541734
25081,82,99,0.47243309995705624
25115,71,69,0.5305906643760772
25204,4,7,0.5142290655340244
25209,52,25,0.4679856196519588
25254,75,99,0.5086477223197515
25265,22,15,0.49285843011447394
25271,26,13,0.4825831712278296
25346,97,7,0.4781917646064217
25367,56,96,0.4874726808312996
25382,19,19,0.5228680405047775
25455,12,77,0.49132806410708385
25477,28,9,0.4865882719441125
25479,86,48,0.5052479512189408
25494,87,93,0.4827618679251131
25502,21,42,0.5226442402436956
25516,76,99,0.5158203816756659
25567,51,40,
25638,56,1,0.49740230024128373
25643,84,20,0.473229476310891
25654,21,99,0.47184079047914795
25661,6,68,0.5067066344353232
25694,65,98,0.5248177450417485
25699,16,60,0.4925280212418631
25775,99,2,0.4824539845229299
25804,32,32,
25817,83,64,0.4746510066366951
25818,96,97,0.5216911279852161
25823,8,21,0.4906320389274533
25839,79,64,0.4667731061307005
25843,52,22,0.47215796097669954
25874,2,40,0.4862118676605385
25876,46,22,0.4688325211209064
25878,66,11,0.5133105463874438
25945,67,21,0.5298125872233735
25994,85,41,0.5165310625466419
26120,51,1,0.5178877080692067
26129,2,23,0.4949047432138553
26142,84,90,0.5288673206532092
26175,90,1,0.49007667623982515
26180,84,8,0.4691050026725831
26213,12,19,0.4906320389274533
26246,92,37,0.50385807391207
26253,75,53,0.5311659124370528
26296,23,61,0.4822292173968743
26338,10,76,0.5263867292636967
26366,95,41,0.5255231567458093
26369,16,41,0.4688760558729145
26386,35,52,
26440,11,28,0.4952600921223102
26500,15,37,0.48418603818143086
26516,27,1,0.46762782499126015
26529,60,78,
26533,21,66,0.4672643970373633
26546,54,35,
26582,82,42,0.48656530855505287
26677,17,28,0.48798050151919226
26692,72,49,0.5310608079800037
26709,77,74,0.5305051757040179
26780,63,73,
26783,71,57,0.4901400453223959
26790,44,94,0.5331313455348762
26830,45,41,
26842,71,48,0.48613419026222215
26846,52,37,
26870,99,69,0.529679669373746
26905,90,96,0.5001662902757473
26910,67,36,
26939,3,59,0.46689851129472565
26942,6,98,0.5178528694338369
26962,46,74,
26976,69,67,
27023,9,38,
27030,20,5,0.5085026729140799
27059,46,47,
27174,50,51,
27241,77,5,0.47575748640792564
27244,38,43,0.4909107950970387
27251,77,7,0.473728912898829
27266,67,15,0.5322569881904183
27276,36,13,0.48357128932368665
27312,66,16,0.48386679118554227
27324,35,57,
27327,84,39,0.47460325048242735
27347,43,83,
27355,11,12,0.5324763152023813
27375,55,71,
27382,93,80,0.5100777137383524
27391,43,98,0.4668765253470325
27395,88,52,0.4696122611966959
27399,14,36,0.5323467518193415
27457,76,62,0.5214969459550427
27473,19,24,0.47845579127559634
27519,62,43,
27534,20,42,0.49234872771076654
27559,48,61,
27563,0,20,0.5138216574919706
27584,86,86,0.4851310114395893
27605,45,9,0.5149887372588406
27651,54,45,
27659,16,38,0.47139386871826544
27686,43,87,
27689,88,76,0.48041043416259327
27734,45,16,0.5332186433442638
27768,1,56,0.49740230024128373
27776,33,9,0.5332142082605311
27792,89,27,0.5280355747532927
27795,99,76,0.5158203816756659
27821,42,60,
27829,57,28,0.4666841682449858
27884,2,96,0.4910015315481276
27903,78,21,0.5095445032679563
28011,42,63,
28040,98,13,0.4904330316144568
28108,21,98,0.47271593758890523
28155,61,64,
28251,2,37,0.4775934632673102
28258,83,98,0.5323101753926238
28305,94,76,0.5229385894317373
28313,89,62,0.4680024612110966
28341,69,18,0.5018440243279296
28369,94,99,0.4670535580918216
28401,0,15,0.5333008568861952
28432,9,20,0.5302122189242671
28443,94,31,0.5301239431540689
28528,54,14,0.49182953315165495
28536,93,31,0.523174679710684
28547,33,61,
28553,29,66,
28605,35,6,0.528336637766843
28635,28,44,0.4872002170534413
28713,50,66,
28788,41,95,0.5255231567458093
28800,46,27,
28830,7,19,0.511733332043684
28971,8,60,0.5277657284839902
29050,49,25,0.5137586705813803
29060,66,88,0.5135357171912227
29100,14,6,0.47309844091011305
29200,24,93,0.4920953636907628
29312,28,53,
29344,4,96,0.4859108640539431
29352,22,64,0.4888766871740947
29366,6,40,
29434,17,32,0.4696529709321161
29508,52,30,0.5181935620661287
29522,26,38,0.5323198998537957
29524,40,85,
29531,34,3,0.5332906008803531
29549,95,0,0.4666776287328013
29557,7,60,0.5257481393074865
29655,58,50,
29765,33,19,
29768,27,53,
29811,68,71,
29829,40,76,
29837,69,43,
29880,36,81,0.5168993143929708
29928,76,88,
29954,49,13,0.46708668873471526
29956,22,33,0.5193636754215584
29960,87,92,0.46752899140147436
30078,57,77,
30124,43,57,
30158,0,89,0.5265005289800174
30253,56,3,0.5202271937592847
30279,36,55,
30283,66,37,
30315,70,27,0.5327948754091358
30321,92,9,0.5330030517244623
30330,89,65,0.48325334143768633
30338,99,66,0.4784098284795814
30385,56,48,
30429,24,96,0.529622554553672
30447,25,52,0.4679856196519588
30477,12,23,0.5238293472650628
30492,70,44,0.5303421864205404
30497,94,93,0.47744350788912915
30505,47,34,
30523,65,59,
30580,21,24,0.46841408578238547
30638,5,63,0.4972716281230198
30673,63,79,
30677,68,86,
30711,58,11,0.46678444112636613
30818,64,99,0.479224759993808
30922,72,85,
30973,95,78,0.49667329068267774
30993,63,94,0.47057713053821515
31020,39,51,
31024,95,10,0.4735218334236238
31085,35,74,
31129,92,31,0.5299683775950139
31150,18,93,0.5178193768691953
31171,83,7,0.47911105842760665
31177,73,62,0.5313097652436075
31243,43,2,0.5194199481531516
31264,9,1,0.46912052068434895
31289,83,43,0.4714150766341362
31302,75,9,0.4920753184575288
31311,60,42,
31359,86,53,0.5042147103065563
31362,85,4,0.477271583376963
31391,60,22,0.4787153067307799
31485,72,13,0.5302140996326542
31513,78,77,0.5239227965971273
31619,75,34,0.5232223305199428
31692,33,41,0.4981721468434771
31730,34,8,0.5303840905103432
31829,42,43,
31841,73,53,0.5308411063212769
31869,18,92,0.47875051446525685
31889,60,9,0.46707834293067724
31942,88,7,0.469450479347167
32020,30,90,0.4673001508036966
32040,11,97,0.5322195502235627
32065,64,81,
32097,69,91,0.46950904034171825
32157,23,92,0.5214666312095372
32166,46,4,0.480799704092631
32233,22,46,0.4688325211209064
32287,82,98,0.5067153563005602
32290,89,16,0.5141584094120678
32308,33,4,0.5312379429751272
32330,65,44,
32381,48,68,
32383,94,15,0.4830689722801127
32438,17,44,0.5191268155892811
32483,34,73,
32486,24,33,0.4681712228649886
32530,3,34,0.5332906008803531
32587,36,5,0.5329713056512633
32615,59,68,
32644,34,19,
32645,34,99,0.513765300321936
32669,52,0,0.5228176547376325
32692,45,44,
32711,94,75,0.5167606616839499
32717,58,14,0.47235712678339037
32776,49,21,0.4708892553526486
32893,68,29,0.480669944919336
32896,28,30,0.5038697259988854
32943,78,96,0.49537225097724275
32980,0,77,0.47996759947676465
32998,59,70,
33038,56,51,
33068,84,43,0.47774756508866173
33161,1,51,0.5178877080692067
33162,13,38,
33200,52,55,
33209,52,50,
33241,34,49,
33266,95,11,0.4701505948175378
33333,51,59,
33384,90,45,0.4865290351297338
33400,10,88,0.4707314034810064
33420,10,63,0.48143180502191807
33432,1,53,0.5071617371843871
33464,14,98,0.4834253987089013
33545,12,87,0.4669532238095406
33551,45,40,
33609,86,4,0.4797236480357455
33616,56,89,
33682,31,19,
33684,25,97,0.5073773310297508
33728,64,50,
33745,96,82,0.5324506049773075
33763,94,50,0.508598094364427
33785,54,88,
33816,66,97,0.47493426274330397
33887,19,69,0.5244627095980703
33892,92,97,0.4682531658346878
33898,34,56,
33919,33,83,0.5031962596649975
33923,30,94,0.5306978033429619
33941,18,70,0.4720019224679874
33992,77,34,0.4729161289741425
34027,52,98,0.4689183999912647
34031,62,52,
34066,85,1,0.47986652544047614
34115,1,90,0.49007667623982515
34140,4,70,0.5210355497444424
34164,85,3,0.5024803193965818
34176,49,94,0.466822308870579
34178,31,14,
34185,5,40,
34199,54,42,
34244,81,44,0.4671017387463842
34275,94,78,0.5215386663084627
34297,26,15,0.46701329276101905
34354,3,57,0.4836213048591043
34378,26,6,0.5244596851692056
34397,85,0,0.46843912399369053
34421,9,96,0.474363487754359
34423,83,72,0.512776627653808
34438,82,64,0.4694663618582905
34476,19,46,0.5329274180996199
34488,25,23,0.5110580819670765
34489,66,67,
34505,51,3,0.4697055810497817
34572,43,88,
34579,15,35,0.4866030890595953
34585,45,5,0.5324726652709891
34666,48,57,
34761,42,96,0.47393139134159334
34764,47,88,
34812,86,26,0.5304407333796342
34821,60,71,
34830,52,43,
34882,61,62,
34886,12,78,0.5236432890956789
34905,15,56,0.5142915998123565
34947,13,24,0.4686027523667328
34976,86,40,0.4969459460048199
35015,30,33,
35063,42,85,
35066,84,45,0.4793401335174205
35069,34,57,
35077,44,5,0.48351112621716086
35082,75,16,0.5270624039898433
35114,61,86,0.47956505275068095
35170,36,0,0.5316709936245846
35188,51,17,0.5229482783962894
35205,20,67,0.5042745005312611
35252,54,77,
35282,63,65,
35307,60,28,0.48660716587534336
35328,65,80,
35338,94,3,0.4893930509526338
35364,95,56,0.48626825309183863
35373,63,30,0.5087074938790345
35394,51,94,0.48981706740004055
35449,80,10,0.5040159664478008
35470,19,71,0.513523510576759
35544,29,91,0.5101675342376222
35555,79,41,0.5275471116712428
35564,95,1,0.49029901087870453
35601,18,3,0.4667272933767833
35604,63,92,0.4704099937126064
35631,19,82,0.4729161289741425
35680,86,20,0.53269269781102
35806,89,56,0.49166253921784114
35825,46,63,
35878,10,43,
35928,15,15,0.5029396239032944
35929,55,54,
35992,39,83,0.5163864621894031
36045,7,34,0.5316196378595354
36088,49,1,0.5312819092701196
36107,1,16,0.47680730703006075
36145,47,94,0.4852934633486289
36192,64,48,
36226,24,97,0.4673636722473987
36232,83,42,0.46668877558314287
36267,75,48,0.4667673073414691
36287,40,29,
36300,55,66,
36336,44,17,0.5191268155892811
36369,11,57,0.47442384301439355
36395,65,12,0.48357516327339006
36408,59,5,0.48284123123395095
36462,4,8,0.5172180589066958
36492,47,43,
36501,46,75,
36519,16,64,0.5317251895736587
36537,71,25,0.4836854795724443
36547,16,63,0.4872450583697956
36575,71,20,0.470240275492322
36578,80,70,0.5318687888327668
36677,25,47,0.5332624654086537
36704,7,93,0.4678646293289559
36738,12,0,0.5262738396291035
36749,8,82,0.466923589797994
36750,32,12,
36756,89,81,0.5332512136693296
36846,64,40,
36848,78,48,0.508687573352785
36868,66,78,
36891,75,78,
36908,30,48,0.4718628968188221
36928,98,5,0.4807190865756362
36960,9,95,0.47522065978768346
36966,90,7,0.4999882750696539
36989,79,24,0.49202384624563594
37095,52,53,
37105,87,85,0.529771029681842
37122,76,72,0.4713606924818238
37153,25,91,0.5165310625466419
37212,27,4,0.4686027523667328
37228,30,95,0.46734608652013315
37236,78,6,0.47893591429725724
37241,93,74,0.5333261401436262
37244,67,16,0.5234263946624677
37267,85,54,0.4666674182933532
37275,16,46,0.5283086899420325
37311,27,7,0.5332694819381861
37445,69,64,
37460,39,72,
37485,96,57,0.5081461548679014
37511,65,31,0.5195489602026705
37557,13,46,0.5067541842719704
37577,78,15,0.502712255068778
37615,11,48,0.47737953461398264
37634,8,93,0.46893069746175897
37652,77,40,0.5291679291128106
37709,58,32,0.5254843420516068
37718,42,39,
37724,53,1,0.5071617371843871
37725,43,34,
37734,64,71,
37740,93,76,0.48444450609104633
37753,43,94,0.4920108786067559
37785,8,89,0.47675128273904177
37791,65,82,
37827,4,54,0.46683938901774935
37849,15,8,0.4974712805260933
37864,14,20,0.5115650184605866
37892,67,61,
37933,0,32,0.531305738143507
37949,25,32,0.4959724005584489
38000,22,4,0.49172249188089284
38093,76,6,0.4766176979076048
38101,68,20,0.4763826915480392
38132,88,62,0.4827895785032527
38157,8,71,0.4973244555901226
38161,45,26,
38173,22,63,0.5322176835271597
38233,15,9,0.5243624308401968
38251,57,1,0.49798835953107184
38260,7,71,0.5007140635812202
38263,32,2,0.4978825593217495
38271,1,29,0.4980618674070001
38302,13,66,0.4781862601045886
38392,59,93,0.5194140315496456
38395,70,50,0.4981398298827846
38400,60,87,0.533251099621282
38406,70,86,
38487,33,97,0.46678505326059305
38515,34,21,
38548,30,36,0.5293520417626337
38559,25,54,0.47659982470878354
38561,31,43,0.5071617371843871
38580,76,1,0.4716851305324578
38634,17,0,0.4974712805260933
38648,54,54,
38671,19,43,0.5218015130207205
38770,49,70,
38776,3,23,0.49602501919173597
38847,71,78,
38870,27,22,0.46771939017433267
38873,34,79,0.4825166372829278
38887,87,70,0.4713057709082488
38900,28,57,
38906,11,96,0.4695905154887122
38938,60,89,0.5332835527896764
38946,41,77,
38956,26,40,0.5332932419500118
39038,88,19,0.4666705542591141
39099,49,14,0.5188314609858226
39133,67,52,
39175,40,91,0.5061850314326252
39261,8,80,0.53019167495552
39345,1,77,0.5189624464981553
39351,0,29,0.4678108435143019
39358,19,3,0.5196680572173251
39368,94,57,0.5103707758309516
39428,87,74,0.5173339768508178
39431,67,78,
39494,92,3,0.48973426728981134
39546,73,13,0.5284561433878251
39570,71,63,0.46693689281405015
39582,15,75,0.5303973869262522
39632,3,77,0.4691903168539732
39649,27,40,0.4674675714992615
39661,39,63,
39667,34,26,
39688,7,67,0.5316696049320397
39704,64,16,0.5317251895736587
39740,41,4,0.513706318793204
39776,0,61,0.4696835090488923
39791,9,11,0.46967493642760233
39810,49,23,0.528589515173297
39886,76,50,0.46677629529831743
39907,28,2,0.5333327526774433
40016,43,60,
40024,34,65,
40049,64,4,0.5083844709729053
40065,17,38,0.5330315577221827
40170,2,81,0.5177571013381148
40181,11,34,0.4956159916859235
40255,59,49,
40263,86,52,0.48157519604832627
40289,30,43,0.5290668960999794
40291,19,90,0.4871214354112951
40354,51,91,0.526811700565723
40387,11,98,0.49961564526810087
40390,40,71,
40404,36,21,
40410,81,42,0.49790759670611606
40415,11,78,0.468255881276776
40448,65,38,
40468,41,61,
40551,2,4,0.5045095279215663
40558,83,37,0.530367094633732
40591,40,53,
40592,82,14,0.5056750168642726
40624,67,20,0.5042745005312611
40741,88,93,0.5200100948099714
40780,90,67,0.46796765083309444
40781,98,52,0.4689183999912647
40825,99,78,0.5274389034407454
40832,95,84,0.5287502946582933
40863,49,0,0.5207935952718458
40895,98,18,0.522978193856077
40914,64,17,0.46680923902183497
40918,40,68,
40921,66,63,
40923,84,88,0.49628545106326205
40944,60,29,0.4811345122430062
40962,98,40,0.5317673760812841
40964,92,2,0.49081585149202256
41007,95,49,0.5255109251255807
41019,81,63,0.5241350678178518
41047,9,50,0.4826421984633982
41071,57,19,0.48013160959507156
41079,17,59,0.5144099199770285
41139,40,94,0.5141225078613763
41141,28,22,0.4669111592259077
41170,14,60,0.48027613944546926
41194,31,25,
41200,16,44,0.49315789552743694
41231,95,39,0.5308689689757062
41292,2,55,0.5060490110803272
41347,0,84,0.5161254289220638
41349,85,71,0.5094626780539507
41362,40,36,
41460,50,53,
41471,67,1,0.47286903958325294
41535,55,83,
41551,11,27,0.48355721007708025
41563,53,74,
41593,43,38,
41608,16,87,0.510288064595802
41652,51,8,0.4768602538284925
41694,78,26,0.5317025160359335
41729,38,7,0.5025654429214048
41762,63,5,0.4972716281230198
41768,34,70,
41787,81,50,0.4830689722801127
41789,30,89,0.5296407124870302
41803,9,98,0.5085652485221974
41833,33,46,0.5080833693017879
41844,1,59,0.5256646866063542
41847,51,76,
41940,41,16,0.4688760558729145
41987,95,81,0.47555627310961035
41995,74,46,0.4681993533325718
42033,2,82,0.47126242127231
42034,17,64,0.46680923902183497
42067,54,28,0.49906955550204646
42107,40,1,0.49398283336751203
42162,77,35,0.4849534840271897
42183,78,41,0.5220012897455709
42188,3,31,0.5097981123319351
42201,98,7,0.4702131694455264
42292,12,36,
42301,85,42,0.4816193884915121
42304,62,76,
42351,31,16,
42371,85,66,0.5312844226861373
42374,0,36,0.5316709936245846
42419,10,46,0.5312194080186086
42421,76,79,
42428,43,6,0.5073887708223662
42431,34,50,
42440,19,67,0.5332292520036322
42483,74,38,0.5056750168642726
42512,28,34,0.5187305145674257
42528,74,88,
42529,92,8,0.4788788945657642
42592,9,15,0.5243624308401968
42632,20,69,0.5238262339380892
42653,10,8,0.5232571351085235
42692,57,41,
42715,76,29,0.466679597985132
42719,20,66,0.48693694420804295
42742,88,97,0.4845293855715227
42747,87,14,0.5220012897455709
42795,56,39,
42796,74,51,0.5299625272230022
42833,67,96,0.46828253015922805
42887,74,11,0.4737787946733384
42891,13,92,0.4671592169394567
42955,69,72,
42972,0,16,0.5154028563105658
42990,45,69,
43018,30,15,
43035,62,72,
43038,48,94,0.5062184295817604
43061,66,0,0.499171071767951
43065,74,37,0.520958873991259
43097,50,62,
43109,92,49,0.46685891391748646
43142,79,52,0.4719087605927092
43415,76,98,0.4789861241337952
43432,98,12,0.4851799224542798
43455,2,21,0.5040641583194245
43459,9,82,0.5271403715925921
43480,47,44,
43509,11,4,0.46666945385015474
43511,96,79,0.5321952554188886
43564,70,84,
43589,5,4,0.47234560054907304
43590,37,88,0.5332794483527901
43657,56,34,0.5331823545202222
43666,3,29,0.48355721007708025
43696,25,28,0.4671977740543883
43732,7,66,0.4666977427160774
43827,30,56,
43832,26,85,0.5289923259853752
43867,71,32,0.4898043504160986
43932,62,66,
44017,93,35,0.4746854566666709
44089,50,4,0.49645074562789865
44228,49,19,0.4834612184593311
44280,84,23,0.5310608079800037
44309,84,28,0.5070134802455143
44397,7,75,0.5294842622409969
44406,84,7,0.4705363470631498
44424,32,89,0.4719087605927092
44427,71,83,
44445,83,67,0.4692541690690482
44473,55,2,0.5060490110803272
44483,50,27,0.46924963927584085
44507,76,23,0.46890409787226534
44520,38,78,0.4938901336433032
44582,94,19,0.4934131111889831
44641,31,59,
44645,55,30,0.5332468133745665
44652,3,49,0.47998409653652263
44683,97,38,0.5228091014768531
44698,27,98,0.4880409023675793
44720,34,77,0.4729161289741425
44725,10,92,0.5106794232143291
44739,41,56,
44756,86,28,0.4711416003168268
44771,78,66,0.5329566501566753
44782,92,19,0.4937656844600742
44790,60,69,
44808,21,12,0.4754544684482139
44815,52,62,
44832,99,99,0.4668752131096935
44841,68,72,
44873,64,82,
44880,10,22,0.4708556150527601
44926,89,79,0.47928366933285615
44942,6,81,0.4671115001445766
44953,39,78,0.5324118074431545
44957,45,78,
44993,14,84,0.5139474524142814
45021,86,62,0.5253949308916592
45045,24,90,0.5291129256666074
45081,48,95,0.5134372910676627
45095,85,47,0.5216339255708833
45109,76,58,0.47571615250341187
45113,93,24,0.4920953636907628
45147,93,71,0.4674050028357646
45173,83,53,0.47608848822245897
45198,3,40,0.4872491717482966
45228,52,61,
45237,26,30,0.49960391490457384
45342,82,27,0.5106292016709374
45343,80,28,0.49127689827294924
45555,60,97,0.5333311180261715
45560,54,73,
45577,25,4,0.5016323055737345
45602,32,80,0.5326206994339583
45719,77,0,0.47996759947676465
45725,82,60,0.5271283861393998
45728,14,24,0.5134939210705979
45748,8,69,0.532307985044202
45770,26,75,0.47968160533070575
45843,30,27,
45849,50,29,0.5182342231645022
45871,52,72,
45948,51,74,
45954,29,36,0.4817349790068285
45989,81,57,0.4815027627368425
46014,74,90,0.5081975393334173
46016,46,84,
46020,41,73,
46042,27,8,0.5333068549834176
46053,97,86,0.5266419777248983
46072,88,31,0.5195322423954029
46082,18,49,0.48825153427761525
46158,89,8,0.47675128273904177
46180,30,60,
46220,18,89,0.4810242586866673
46313,81,5,0.48251044022688966
46332,33,51,
46370,41,6,0.5094696574371342
46383,33,91,0.5225847943022942
46387,17,57,0.5327668553235694
46409,7,50,0.4902216257668404
46420,81,99,0.5330960867704205
46423,40,73,
46441,66,52,
46448,61,55,
46458,3,70,0.4997629132387674
46486,40,22,
46519,99,83,0.5048420258275764
46567,47,90,0.5289559183740685
46645,70,97,0.47278794674668856
46693,1,83,0.5121978097575369
46703,41,58,
46826,14,52,0.5245345918075097
46829,15,28,0.5323068890054662
46830,91,13,0.5235684467305528
46854,50,70,
46867,76,47,0.47675128273904177
46878,74,64,0.48707256546141436
46881,75,86,
46928,75,82,
46955,6,6,0.47004262774981437
46974,68,12,0.4899249934532965
47072,19,33,0.4866030890595953
47088,89,17,0.475109745884498
47124,10,84,0.49424367669026575
47151,61,2,0.5047078804939484
47161,38,51,
47230,79,27,0.49442070155987267
47245,42,49,
47283,26,68,0.46713235732879094
47338,7,7,0.49877961055450254
47353,71,11,0.5296373817681493
47385,95,2,0.4897469752237197
47459,20,89,0.4675009683348907
47540,92,88,0.48086723583565416
47575,40,23,
47637,10,0,0.5209210997209811
47653,34,13,0.5140330198109759
47661,54,44,
47662,26,2,0.46682834136596035
47712,80,49,0.5314312198825861
47719,47,11,0.49662941607604
