,x,y,value
9,10,16,0.5134518141977903
23,43,13,0.47624709511621804
116,58,21,0.4942338108601358
129,64,97,0.5089604164712356
194,88,27,0.510850443383625
222,78,10,0.49022541189299296
227,55,79,
228,52,40,
323,56,58,
325,94,14,0.49687147157451983
358,28,17,0.5033063283093447
375,62,55,
475,95,19,0.4783971585125753
479,57,69,
526,1,36,0.47084383659218026
571,55,10,0.5264925227993561
585,27,60,
590,58,48,
604,85,40,0.46969626414142723
614,43,86,
649,7,49,0.4782889373903071
714,52,46,
759,41,14,0.5300024887827182
808,44,5,0.49070363282041957
820,23,80,0.5307894889352627
937,71,60,0.4902437818087474
997,2,38,0.4693973996249022
1007,16,91,0.4692725530619804
1029,3,74,0.48349327397824343
1036,47,12,0.46903431961272013
1038,15,23,0.502974522733952
1066,15,71,0.47550463306175045
1089,16,86,0.47127758637875067
1117,55,24,0.4690581225750487
1133,16,56,0.5304602451393748
1154,21,17,0.4968606966755504
1158,9,93,0.48700811034522695
1163,8,98,0.46877517306554956
1261,76,77,
1312,72,26,0.5303046926664627
1349,70,63,0.5301413292476731
1358,99,59,0.4858208647569325
1367,11,43,
1399,59,86,
1445,46,14,0.4687527059094112
1465,49,90,0.5311145294094805
1512,83,13,0.507709910859033
1522,84,71,0.5134664746050005
1618,43,75,
1656,48,40,
1661,18,79,0.5223070049563545
1708,12,3,0.47154913154929773
1735,1,32,0.5029768327951776
1774,14,29,0.46890010787889663
1779,85,66,0.4704523772008261
1793,70,0,0.5312312603599798
1826,38,82,0.49103292673089566
1879,33,33,
1899,91,77,0.5302193960407044
1923,16,67,0.4751997481159058
1961,50,18,0.5128481731889662
1970,9,30,0.482116153980973
1975,55,26,0.5241764838934717
2012,65,78,
2025,52,43,
2047,32,73,0.5298629382465371
2076,73,15,0.4743211128157499
2087,80,61,0.4730824320100496
2092,30,27,
2103,44,83,
2166,35,25,
2197,54,28,0.5304249462387556
2207,90,16,0.5218243322875341
2238,87,90,0.5203830483528789
2240,41,77,
2260,69,26,0.48377539963485616
2303,10,10,0.4722733676320939
2426,24,81,0.487898858747661
2434,15,42,0.47690094886381124
2448,11,4,0.5031400854194698
2486,61,85,0.5279585034844073
2511,83,39,0.5312408641361998
2597,4,85,0.46891563927393987
2633,51,18,0.5269262213502308
2693,70,8,0.48307422152728957
2702,67,97,0.4693044439744626
2769,55,38,
2812,40,23,
2819,72,70,0.5119275850533035
2864,94,97,0.47725646062548743
2875,41,2,0.5303459804700913
2883,94,75,0.4822687526995938
2892,68,61,
2954,27,27,0.5279529723847548
3033,55,65,
3074,23,29,0.526405568297221
3083,8,73,0.5272578186303774
3099,74,50,0.4897723709700865
3104,53,70,
3109,51,29,0.4850690905664862
3131,61,56,
3140,50,4,0.4990035565133206
3189,29,38,0.47090553128153084
3190,24,58,0.5307600521427687
3279,20,97,0.5279463985092568
3283,41,3,0.5034717078783167
3289,64,50,
3313,45,13,0.4931010925329763
3380,73,28,0.5293333954037236
3482,37,51,
3508,71,16,0.5269277915626689
3529,72,62,0.5182782902337328
3574,62,44,
3588,59,92,0.48145725024274477
3591,26,34,0.4689714695040762
3623,58,7,0.5253858050270083
3633,97,21,0.5294389420021411
3671,61,65,
3694,94,28,0.4687636379074835
3712,4,83,0.46923927837022134
3723,53,82,
3736,28,37,0.48944763683499576
3763,89,0,0.48566731651359835
3793,66,86,
3830,20,7,0.49900742223054484
3936,83,66,0.46977963157196034
4017,29,99,0.4728338750653349
4018,34,69,
4035,95,6,0.530463869934242
4043,18,71,0.5157980177759879
4099,29,77,0.5057700028343329
4104,23,35,0.5248955218079675
4118,57,36,0.5054297312002731
4140,14,6,0.5262278173017408
4166,23,94,0.4888179404683322
4209,61,73,
4246,37,36,
4258,28,49,0.5169238401518037
4285,67,62,
4298,9,98,0.5311317911663245
4328,98,69,0.4817273694360478
4331,13,57,0.5147852486577784
4367,6,80,0.5290925045888952
4369,82,68,0.47135310978771333
4374,64,79,
4375,55,81,
4377,15,33,0.5274947380862776
4426,54,42,
4482,58,19,0.4759287864221815
4495,83,99,0.5086805549301667
4515,34,62,
4518,46,6,0.5169179872077839
4559,84,67,0.4900616704440405
4566,21,9,0.47550847614225805
4586,6,64,0.5309660050965486
4617,75,11,0.47358948109099147
4626,55,77,
4684,64,10,0.48774991903053194
4960,27,3,0.5253889623986729
5053,85,11,0.509618657282664
5090,64,28,0.5265787541688444
5094,5,14,0.46885528155339007
5102,15,84,0.4869891182801475
5128,18,85,0.4735001074974354
5130,3,88,0.5153526105116176
5177,16,98,0.46885636280811155
5259,84,70,0.4993222390021882
5274,61,72,
5296,82,45,0.4700878121668121
5347,52,9,0.46877452546367154
5354,54,76,
5380,13,37,
5410,70,60,0.5211023291628192
5422,76,22,0.47634794986403367
5453,67,32,0.47234689601515295
5459,76,0,0.5070648453393638
5477,31,76,0.5305353156550778
5496,47,34,
5509,63,65,
5536,25,97,0.5246016725575187
5726,36,4,0.47852722466609976
5729,14,74,0.47668589249417087
5739,93,25,0.5305308676810118
5770,76,21,0.5235328231144947
5780,30,61,
5849,72,76,
5853,78,71,0.530420526055096
5887,50,2,0.46876336512784217
5908,47,35,
5919,75,13,0.4734139379069114
5948,66,27,0.5312020389934884
5970,38,69,
5980,56,36,
5993,9,63,0.5310653186709301
6016,0,27,0.4734184108564415
6041,2,0,0.5156489013123544
6048,55,71,
6050,25,37,0.5238601844466679
6077,14,44,0.5016520158579123
6121,91,90,0.4944225111137985
6125,73,92,0.5070399772085094
6129,78,28,0.5278736552207417
6186,28,92,0.5016427463414733
6257,18,92,0.519595090099967
6315,71,81,
6339,31,41,0.4792609423305565
6341,95,23,0.5224253500913809
6441,67,1,0.5097613746184463
6460,68,44,
6531,20,41,0.510083478419519
6534,68,60,
6579,9,48,0.518950104844026
6594,0,44,0.4818487296080304
6619,81,44,0.4893050062407421
6645,20,70,0.48117381380880697
6655,35,67,
6677,24,77,0.5221787418281395
6700,87,30,0.4759327332051931
6708,17,34,0.5306986107133379
6724,98,45,0.47056184907898635
6767,27,88,0.510850443383625
6784,64,54,
6805,97,43,0.4711469412518939
6818,27,58,
6875,22,67,0.4822585627043894
6931,24,62,0.5311705290164765
6938,82,89,0.46877391654425943
6945,83,24,0.5170511380756032
7015,35,85,0.5165100224533754
7030,81,94,0.5120740473733264
7041,51,57,
7042,8,0,0.4731601887483424
7066,91,20,0.46946897980976393
7108,72,8,0.5034763203218872
7119,70,81,
7186,86,72,0.49503800378002294
7236,38,15,0.49118351222222506
7284,74,60,0.5180086523683963
7292,20,23,0.5023168758454747
7342,31,37,0.5222988775251742
7355,48,4,0.4840679975443904
7357,10,19,0.4687632522830736
7370,5,50,0.47155041163490763
7536,4,21,0.5265824150274934
7540,85,37,0.5173450840970146
7543,53,74,
7553,72,90,0.5305718620439684
7578,79,14,0.5086515702581321
7596,5,67,0.4903960760044024
7634,80,78,0.4956930159992474
7645,51,4,0.5311581114462445
7673,98,22,0.5041398627460334
7681,57,26,0.5065778034644717
7702,86,48,0.5143306337862806
7707,65,99,0.5094344303463479
7758,32,58,
7788,64,27,0.5286503015603133
7814,43,97,0.4711469412518939
7895,60,87,0.46999276779788735
7915,38,93,0.4687501521472989
7928,46,35,
7946,39,93,0.4965436799597798
8002,64,26,0.48420266211295054
8042,99,63,0.5197465955446446
8102,48,68,
8108,69,87,
8121,55,0,0.4687527982160157
8177,52,39,
8192,56,13,0.4823861791633918
8224,96,49,0.5104080377648501
8261,0,85,0.5184142162293842
8268,77,92,0.49704320075302083
8270,81,10,0.5227658200373461
8292,84,47,0.4944133779791411
8312,52,13,0.48492451410277626
8388,37,92,0.4721281061233711
8396,44,44,
8399,40,52,
8414,67,61,
8439,26,21,0.5123958648479724
8462,7,39,
8468,42,98,0.46893251689715093
8534,5,13,0.47018883004210815
8604,55,30,0.5065778034644717
8639,63,64,
8646,19,65,0.5091300218337496
8685,34,44,0.4950502237159804
8686,64,62,
8780,10,71,0.516775264550052
8886,27,70,0.4826581457278667
8927,55,74,
8959,21,73,0.5264986749788685
8962,82,56,0.46885636280811155
8992,74,86,
9040,37,75,0.4700409614386259
9136,6,86,0.48251871560231574
9156,65,24,0.47128399022619955
9244,65,34,0.51535530543277
9249,38,92,0.468885411123388
9308,71,0,0.47197716712492327
9352,19,12,0.5267550353519631
9387,34,60,
9416,54,19,0.49784521329275344
9433,20,48,0.48640171262056964
9443,18,60,0.4797622084115262
9459,9,56,0.46879857515875617
9471,13,47,0.5220656118506207
9474,8,22,0.5122444002061407
9519,82,80,0.4782989540813047
9574,15,64,0.47014117940458694
9576,61,20,0.47804590822268705
9636,49,89,
9637,22,48,0.528383602022691
9651,75,86,
9679,25,19,0.5277259311684098
9725,73,74,
9804,84,60,0.47782508558305786
9826,28,31,0.5078635329742598
9836,40,48,
9844,49,86,
9877,20,79,0.5303876233515784
9895,50,78,
9896,3,21,0.5241799144037281
9925,6,67,0.4894447244878224
9933,7,89,0.5136108347898023
9956,54,95,0.5286465935922143
9981,34,13,0.46915734909832146
9988,16,28,0.5299092879624775
10010,2,36,0.5226472705717482
10018,36,73,
10027,44,40,
10059,86,53,0.5163711768818878
10117,79,95,0.5275628533906291
10128,90,98,0.49136256587573557
10134,75,19,0.4727418155463718
10176,29,55,
10201,24,70,0.5308417914894556
10240,18,5,0.5170589161996058
10243,98,7,0.48698630513485114
10295,18,73,0.5174793732802229
10344,22,81,0.5244968203196042
10419,94,19,0.5100922638916476
10444,46,34,
10460,44,68,
10461,66,51,
10473,25,56,0.5201190432210134
10489,20,59,0.47925457808351646
10507,12,31,0.4713466228710438
10518,33,17,
10618,76,55,0.5303437625778703
10650,83,74,0.5267630259306488
10794,29,79,0.492129741889331
10811,47,90,0.5312097582152693
10817,82,18,0.48477495251089137
10833,50,12,0.5279536640120093
10868,46,8,0.5013212175230267
10873,82,76,0.475416476221804
10919,90,18,0.5299533238956482
10937,3,82,0.47689678139039143
10960,62,29,0.48065974463209016
10968,58,6,0.509131501393262
11019,45,75,
11032,80,51,0.5073682515483132
11034,0,15,0.5282418004643876
11081,12,64,0.49653599217147826
11086,72,32,0.5099317414112943
11092,2,69,0.48790171154425827
11101,51,66,
11132,19,75,0.4727418155463718
11141,7,37,
11158,23,49,0.48078825065096065
11231,78,32,0.5270862287676231
11261,1,30,0.48625073193305124
11350,42,70,
11375,79,85,
11383,98,18,0.4715436942972909
11414,34,39,0.49801815579229736
11465,80,98,0.49589388774878645
11482,25,55,0.4849319679571226
11488,20,6,0.5181538014607359
11490,33,94,0.5312319241315334
11494,29,67,
11536,65,25,0.4926264989551129
11544,89,50,0.48237851248359187
11595,76,95,0.5001462547405049
11600,6,52,0.5282434559512804
11642,28,45,0.5312316070138077
11648,70,16,0.48197619107642226
11681,84,61,0.49520385244018117
11690,82,24,0.526401430612836
11705,92,61,0.4828155167847401
11708,69,94,0.47771143410765243
11710,64,34,0.48143919838454396
11732,25,23,0.4728277599996912
11738,8,65,0.522763700317132
11758,94,54,0.46875852323212697
11759,61,14,0.476794927620334
11773,45,15,0.47004272231381816
11811,9,29,0.49818112025239814
11853,23,48,0.46876316235176557
11857,76,44,0.5119304448893655
11858,57,80,
11868,53,75,
11872,83,43,0.5181626151414244
11915,58,99,0.4757267425997526
11927,49,51,
11934,68,2,0.48506773152277477
12009,62,16,0.48836196277724353
12131,66,81,
12262,36,91,0.5034571013025648
12300,81,26,0.5252970596627613
12307,21,42,0.524076158202946
12314,67,23,0.5062423161665434
12315,40,81,
12322,0,52,0.48640171262056964
12354,96,43,0.49325136080875753
12376,65,86,0.4762355379203243
12418,51,94,0.4701439194826822
12444,93,37,0.4709700933306463
12453,66,79,
12479,36,71,
12513,30,35,0.5057585989074502
12565,66,90,0.5119247251005199
12627,30,65,
12640,68,52,
12650,99,83,0.5086805549301667
12676,42,10,0.5185533455142572
12677,41,34,
12686,24,30,0.4703946724419985
12787,70,48,0.5267498379593933
12812,34,57,
12826,27,42,0.5252934259517968
12925,45,25,
12934,40,72,
12943,32,80,0.5137416389718915
12965,5,33,0.49950481177629574
13004,94,52,0.4719080021796365
13025,51,39,
13031,30,52,
13050,47,98,0.4753969090294424
13083,54,47,
13161,85,9,0.5304998445464689
13174,54,57,
13205,5,89,0.4865384242672277
13215,9,62,0.5065778034644717
13281,18,50,0.5128481731889662
13283,34,1,0.5310079484372449
13374,1,2,0.5309871434483966
13375,82,13,0.49441033371064264
13416,24,43,0.531028634888986
13457,86,44,0.4687681146634891
13467,73,65,0.5224253500913809
13475,16,17,0.49966961108938795
13487,41,23,
13518,88,59,0.47770926545395564
13533,63,30,0.46891595757425597
13635,94,58,0.5176234164171307
13688,18,37,0.5086575164901009
13700,17,99,0.528842364069078
13719,3,22,0.516218001242122
13730,26,67,0.48336468958519246
13731,88,62,0.4720546525100407
13734,65,44,
13743,1,7,0.469905946023616
13759,76,13,0.47108638762689814
13815,43,88,
13832,81,31,0.4692103912394589
13849,97,67,0.4693044439744626
13876,0,50,0.5274954733534761
13877,27,34,0.5073772719333492
13929,38,25,
13953,25,82,0.502471178813725
14021,30,76,0.5284473600179356
14031,59,9,0.515652918495918
14037,20,75,0.5243830250778293
14106,38,87,0.5303883450799751
14121,67,42,
14165,50,49,
14192,96,15,0.47539881690865704
14214,23,70,0.515066011453397
14221,7,25,0.4713475490994393
14286,31,66,
14317,26,85,0.5013343557470117
14333,97,91,0.4838011904804236
14342,71,89,0.5312449445592887
14361,51,85,
14366,29,4,0.49817880358576067
14373,25,77,0.49570067766369036
14391,36,51,
14467,54,8,0.5289121572574095
14530,43,15,0.5060890838811004
14539,57,16,0.46897229763304
14599,24,42,0.4728285241498562
14604,85,75,0.4832332330474851
14619,0,19,0.5262282378525543
14636,89,52,0.5249882923457208
14674,86,84,0.4830638188656142
14696,54,2,0.5122415534075151
14714,5,82,0.49343582135312114
14715,40,95,0.5249882923457208
14802,0,68,0.49917835212328904
14821,1,72,0.47243096481958796
14847,41,24,
14867,22,13,0.46875275699940117
14882,1,59,0.5160729151757059
14920,28,19,0.496200148682764
14924,63,20,0.47024056675758674
14959,64,90,0.4976684801637303
14970,90,99,0.47083604889130953
15019,62,23,0.5209839144640737
15114,99,84,0.5175921026139376
15118,53,90,0.46927311668172367
15146,12,74,0.5306661697123924
15192,76,40,0.5140382994590201
15193,28,81,0.48226110994229093
15199,49,6,0.4963691697149802
15204,67,58,
15208,0,86,0.5260411632393367
15220,26,66,0.49800812017953455
15258,17,89,0.5150815961478782
15282,93,55,0.5229751575333271
15301,25,52,0.517750363732357
15315,87,85,0.5042717506405721
15359,10,9,0.48198187871709913
15367,46,40,
15372,50,33,
15374,24,9,0.5268394275227333
15379,79,19,0.49537289957583475
15398,93,78,0.48491096450407595
15400,44,90,0.512233012291574
15404,76,85,
15412,22,63,0.510086407009084
15424,66,29,0.48521271941737143
15466,54,85,
15486,5,15,0.4935894777097736
15491,66,22,0.49933151927170577
15492,76,31,0.5305353156550778
15497,55,32,0.5215978229804771
15541,65,41,
15581,62,21,0.49101736682791997
15583,61,23,0.5113199566999601
15614,66,49,
15713,77,7,0.4996611026893715
15746,20,87,0.4859624041099452
15769,91,13,0.5165100224533754
15775,36,68,
15778,65,59,
15817,4,2,0.5155053525567889
15870,73,14,0.5144823800780787
15898,32,7,0.5033063283093447
15917,97,58,0.47189412349284243
15947,29,72,0.5243830250778293
15948,71,88,
16017,46,22,0.4687897456593854
16036,37,11,0.4740464409889897
16047,43,69,
16054,0,82,0.5283086867337494
16112,20,37,0.4919763313678553
16125,5,37,0.4736833708007128
16152,33,0,0.525193080610993
16161,19,60,0.5304966402194157
16188,63,5,0.5181575790194833
16223,39,33,
16226,91,72,0.4787548502229843
16246,36,53,
16256,27,80,0.5189451838144522
16296,51,2,0.5024773476685578
16303,84,16,0.516788967618247
16319,32,99,0.4948768767325068
16327,26,11,0.4687817309299078
16334,83,50,0.5113365378872304
16338,58,10,0.46965458622576206
16388,15,68,0.47141623602043314
16455,24,15,0.5263170588101558
16463,23,88,0.5310067939626515
16494,26,64,
16508,50,86,
16552,75,66,0.5162074206204569
16560,64,39,
16564,87,56,0.5043046980028134
16572,39,22,
16587,77,78,
16708,13,73,0.5029683624905176
16726,40,5,0.49294044179914637
16780,97,35,0.4730686888984426
16804,81,8,0.47841225467042636
16823,51,48,
16851,57,4,0.4688187840146874
16902,6,45,0.5234307099466862
16939,17,24,0.47204738592835316
16940,47,42,
16941,1,56,0.5166444894550872
17047,92,83,0.503653890648108
17064,92,5,0.46921396993608594
17130,69,42,
17136,74,67,0.5149383961946362
17142,92,22,0.4689703677276107
17165,78,4,0.529858148296667
17185,27,72,0.5039703066078841
17207,89,30,0.5300522077047529
17295,92,58,0.47283463974825374
17352,93,69,0.48223882750968045
17369,86,42,0.4741312226865856
17420,25,46,0.5278008720115119
17431,44,20,0.53124904496349
17443,92,85,0.5059440530275662
17526,72,35,0.522640340326631
17557,79,73,0.529610783692585
17582,58,64,
17608,95,74,0.4688285489404736
17621,77,73,0.4711469412518939
17692,18,1,0.48280259732320185
17712,27,78,0.529603110549085
17731,17,33,0.4986741579036782
17751,28,1,0.5013250817309736
17761,31,58,
17808,27,57,
17865,62,5,0.4765744216069571
17906,84,34,0.5225242776551242
17949,8,78,0.529758737484804
17951,28,54,
17966,56,90,0.504276348238316
18102,95,97,0.5116107646836267
18128,43,84,
18129,25,43,0.5215916725482819
18145,74,83,
18164,47,7,0.4773559401853871
18176,91,83,0.5278687573080664
18188,32,22,
18198,82,40,0.469773143099167
18204,1,27,0.4968606966755504
18212,40,69,
18234,15,82,0.5240801028617963
18247,82,23,0.5031308498377591
18295,54,5,0.5001617252579109
18320,7,20,0.49900742223054484
18370,89,13,0.48564876050536293
18405,23,84,0.4836486068769645
18407,44,3,0.5304617996307637
18443,41,79,
18474,71,82,
18502,17,1,0.47039417720093035
18582,63,8,0.46961564058636096
18640,78,68,0.5078478103666513
18647,62,79,
18683,51,19,0.48805669977024885
18699,77,38,0.4976939364567331
18726,27,39,0.47004272231381816
18733,86,65,0.4762355379203243
18760,42,64,
18772,6,34,0.5220667073240046
18844,16,59,0.48000795629479076
18896,27,68,0.5270044338891132
18922,8,97,0.52890598854558
18928,70,5,0.4819869351484457
18943,18,11,0.5165001698214704
18974,10,38,
18976,96,60,0.4904063819743943
18989,93,24,0.5236545902272148
19034,75,54,0.5237473872812671
19046,97,99,0.4767747326933124
19103,5,85,0.5089863500270992
19131,16,29,0.4965290733435034
19142,4,65,0.522535534589104
19214,75,4,0.5259505550938037
19227,48,86,
19253,23,43,0.5220656118506207
19262,6,7,0.4814447996622941
19324,2,85,0.4967044530725398
19352,83,23,0.4899099448666232
19361,88,49,0.5268330860428707
19394,41,21,
19432,17,69,0.5235424907081392
19471,34,79,0.5021409084726776
19472,34,5,0.46901306930325
19567,65,92,0.5141798370391031
19614,96,75,0.5269982032820644
19638,56,62,
19690,89,59,0.47077998922704895
19706,83,56,0.4727520354286272
19773,64,63,
19835,26,6,0.5242834974761099
19838,83,0,0.5202348568447284
19866,10,14,0.47197408668441143
19930,56,26,0.4902283508280176
19948,82,26,0.4861098482601683
20001,87,6,0.4725899320443121
20040,19,35,0.47442117001729806
20060,60,9,0.5111661793490263
20075,73,29,0.49833718236429025
20114,90,52,0.5072049720274191
20131,0,7,0.47500336147274264
20140,6,46,0.5169179872077839
20291,99,57,0.5156636292971015
20303,95,90,0.5004743177585252
20402,80,43,0.46897303504042337
20449,78,73,0.529904576863796
20498,23,39,0.4940734269129997
20504,10,69,0.4872937758925626
20505,98,94,0.5287089996070385
20506,71,31,0.5005044819332575
20511,2,63,0.5069011832711832
20519,2,57,0.5019895764018842
20582,2,81,0.5223070049563545
20584,79,45,0.5312491047217259
20618,9,10,0.48198187871709913
20621,99,41,0.523852190069013
20626,20,94,0.468797674046263
20659,39,28,
20660,7,61,0.514337507392255
20669,1,14,0.5311307132061998
20678,41,73,
20720,36,12,0.49023128985902736
20752,79,65,0.5263249813503734
20781,72,33,0.49358115001566744
20846,25,30,0.4902349637824118
20853,54,67,
20862,43,76,
20941,7,59,0.5157880055322188
20942,60,90,0.5265027744024451
20951,68,50,
20986,75,97,0.5026261919766912
21005,83,54,0.46880720786463526
21014,70,25,0.5144823800780787
21109,81,63,0.5009794466911556
21114,2,70,0.47350872054864485
21133,82,90,0.47521528755356907
21165,91,85,0.5267442376695455
21168,77,98,0.5308659830446226
21216,82,29,0.49901670001390624
21220,17,19,0.5287181577256398
21223,70,89,0.4717509311032454
21243,47,31,
21266,70,46,0.48378928513585784
21384,52,78,
21454,73,45,0.5305702583692118
21569,61,83,
21604,16,36,0.47975985086067446
21615,93,84,0.5235246779456858
21710,97,66,0.5214609828903702
21713,50,3,0.5031370069230022
21820,98,56,0.47647278876650656
21942,36,39,
21951,18,21,0.5166418706400249
21986,23,90,0.5296620762894809
22014,85,92,0.5059440530275662
22017,76,16,0.5215883170922977
22022,82,97,0.47004955680058613
22081,75,68,0.49882801911395136
22085,48,80,
22099,67,41,
22105,26,56,
22109,33,73,
22205,73,50,0.4991621136103604
22232,23,93,0.5306652764193458
22257,52,94,0.4719080021796365
22262,23,10,0.5312490143663663
22273,70,20,0.48117381380880697
22311,72,64,0.5263241476728715
22415,62,77,
22433,95,33,0.47122178875054643
22501,23,9,0.5039618665258344
22511,95,81,0.5011789502505347
22573,21,47,0.5099273407250002
22588,99,0,0.5260535571251305
22591,73,23,0.4995109992911147
22596,62,82,
22615,85,49,0.47723154310023214
22618,65,74,
22620,33,88,0.49151065579299646
22627,65,8,0.522763700317132
22651,47,99,0.5213420131059312
22714,81,23,0.4698592959524623
22718,32,74,0.47529942241696466
22736,9,71,0.4761338347000026
22749,37,6,0.5105480069241073
22761,41,78,
22762,29,93,0.46982160814943785
22765,11,51,0.4896029159999862
22817,74,23,0.5114719801406642
22826,86,35,0.5062597479006782
22827,7,14,0.531157874178388
22831,85,70,0.5258709594397778
22846,41,85,
22871,21,76,0.5235328231144947
22875,15,19,0.49587395105427184
22877,38,47,
22915,95,3,0.5308410434215671
22951,44,65,
22981,64,68,
22983,90,88,0.4759125159216612
23003,65,47,
23014,0,99,0.5260535571251305
23024,90,60,0.5265027744024451
23068,10,1,0.5310659060267424
23174,33,69,
23236,34,4,0.5081798711915164
23270,5,27,0.502974522733952
23289,25,44,0.5131556508247471
23317,81,3,0.47541170140032335
23324,22,88,0.4699480168878056
23340,38,9,0.4902349637824118
23342,18,48,0.4738642863047221
23359,76,99,0.47071979974026446
23470,47,22,0.5279505511498853
23512,32,92,0.49998762967287214
23533,95,22,0.4878960060699066
23544,96,52,0.5312470569672156
23557,26,29,0.4693981830430598
23561,41,61,
23567,80,1,0.5299588309900232
23594,32,52,
23614,33,77,0.5300057324023739
23679,15,97,0.4700947621011824
23703,0,11,0.5252916087243313
23704,86,75,0.47511337686419586
23725,44,97,0.5217027281401502
23731,87,68,0.5140611007659402
23803,38,38,
23841,86,6,0.48251871560231574
23890,79,77,0.46932938644299577
23920,95,11,0.47962341459341923
23945,42,79,
24038,28,88,0.5065619222698319
24072,35,52,
24085,39,19,
24205,15,73,0.4743211128157499
24217,65,57,
24272,76,34,0.4735886541365769
24278,24,44,0.48522157906692076
24291,76,37,0.46899072060737357
24292,98,95,0.47915292172680024
24357,37,52,
24448,68,56,
24466,68,51,
24478,71,51,0.5309203926291859
24614,8,61,0.47975454709671556
24615,32,20,
24628,18,4,0.5176106384018191
24631,25,85,0.48713914817022513
24634,25,35,0.5244896144311038
24671,18,20,0.5197334028642739
24690,33,1,0.5006607595990499
24725,58,70,
24729,82,1,0.5067259913427801
24745,67,43,
24749,31,92,0.5290302054871063
24771,9,82,0.5234348041768958
24776,32,25,
24796,13,35,0.4736833708007128
24799,85,96,0.4691805833134817
24832,37,54,
24861,78,25,0.5229914052157715
24887,84,87,0.4722822934318026
24923,17,29,0.5272536562604165
24983,56,43,
25013,47,56,
25050,30,59,
25058,57,71,
25112,88,2,0.4710231022227507
25134,14,0,0.5167811378488179
25184,93,76,0.47440917757832934
25191,37,67,
25212,42,3,0.5220694457708371
25275,2,96,0.5171877259494431
25318,45,76,
25360,1,17,0.47039417720093035
25390,67,53,
25511,72,91,0.4787548502229843
25559,8,84,0.5156569353342256
25569,4,29,0.49817880358576067
25616,50,21,0.5001617252579109
25628,77,26,0.49246794339069944
25632,73,48,0.4839317411749947
25701,5,95,0.4801301308650117
25754,14,57,0.5033094050673776
25772,34,73,
25778,68,91,0.4871638276794961
25793,68,29,0.47250270124713534
25809,77,40,0.46877428097754387
25869,48,89,
25881,52,68,
25907,86,97,0.47169689783005964
25949,6,32,0.5214750357056357
25959,13,89,0.48564876050536293
25972,81,0,0.4916507519536138
26019,34,71,
26063,94,80,0.4907250521449911
26136,67,65,
26154,89,31,0.51896178931094
26155,58,53,
26160,48,95,0.5085146648124167
26178,13,74,0.4862562893365995
26269,73,75,
26290,10,97,0.4878960060699066
26293,47,58,
26339,52,20,0.5308422898234181
26342,95,41,0.5271798903125464
26355,79,31,0.5086686647597463
26445,49,71,
26474,5,31,0.5277259311684098
26498,59,53,
26510,36,72,
26528,13,71,0.5049390956771342
26538,52,66,
26567,76,70,0.4698220098493331
26568,71,69,0.5295483906697351
26586,81,60,0.4726585973817339
26617,59,26,0.47793604393468025
26630,38,33,
26650,84,65,0.5081955479574208
26654,54,91,0.4696970199429315
26736,98,21,0.468750890197964
26758,54,87,
26792,10,12,0.5170595643086812
26812,58,77,
26827,99,87,0.531117890023845
26871,94,2,0.4955566326134154
26906,53,76,
26965,91,39,0.5295483906697351
26985,79,51,0.5310268851719041
27012,36,96,0.47713636490538175
27013,20,66,0.5312498809251806
27021,51,92,0.49325136080875753
27040,47,29,
27042,63,63,
27071,43,53,
27074,29,80,0.46891563927393987
27111,5,70,0.4819869351484457
27112,36,6,0.47009162124040427
27126,36,58,
27168,33,78,0.47128521088644404
27215,38,50,
27224,6,44,0.5255815084304831
27297,93,59,0.479270202161734
27331,88,55,0.5243791540794748
27350,77,83,
27373,35,98,0.519871672653634
27379,49,97,0.5300982315923322
27448,25,26,0.5308688790972118
27469,51,8,0.5311817404353825
27471,93,51,0.49602280056300746
27481,89,6,0.5278823931671872
27483,46,63,
27524,27,59,
27529,48,88,
27557,50,98,0.5170725242944333
27562,40,19,0.49070363282041957
27573,40,6,0.524180894416176
27580,31,61,
27585,8,21,0.5267550353519631
27590,22,34,0.46915672688952453
27595,95,54,0.5286465935922143
27600,60,66,
27634,43,25,
27648,59,3,0.4847790058000321
27719,17,58,0.5243849602184586
27757,39,63,
27771,97,77,0.47267472027629753
27822,33,8,0.4712160630939563
27828,59,76,
27847,37,68,
27856,33,27,
27887,60,48,
27893,26,47,0.5273331700380183
27940,93,35,0.4706170354232635
27943,73,55,0.5159439915522704
27950,38,71,
27983,66,7,0.5097723963885167
28000,49,57,
28047,87,94,0.5054144951460123
28076,19,74,0.48745798710604493
28096,89,5,0.4865384242672277
28124,70,68,0.4687510927708202
28154,12,36,
28193,39,99,0.5044694112643333
28207,32,91,0.4706735581584068
28268,4,30,0.5207425417413828
28279,13,82,0.49441033371064264
28301,52,19,0.4837780441542934
28340,93,58,0.4715555347662476
28353,24,96,0.4740524745501595
28426,65,46,
28458,82,39,0.5287227308465747
28482,13,87,0.5310093876831466
28525,86,27,0.47161349851480566
28577,17,35,0.5258609757572967
28607,66,84,
28610,62,39,
28668,60,36,0.47242477543780537
28679,65,2,0.5217094059342339
28778,76,7,0.5285894012347534
28789,48,70,
28792,25,32,0.5072207776476676
28811,23,61,0.5113199566999601
28815,20,43,0.48882660877925405
28836,43,98,0.5229955959689653
28847,9,0,0.5286527721347097
28854,92,6,0.5211023291628192
28956,97,5,0.47815907696296234
28970,52,0,0.48640171262056964
29020,59,69,
29071,77,75,0.4764717705627717
29091,69,71,
29109,81,73,0.47806077632013255
29180,27,62,
29284,85,0,0.5184142162293842
29288,47,66,
29290,57,60,
29304,88,34,0.4690113693623093
29332,24,28,0.4787690362057257
29350,1,37,0.526405568297221
29353,83,7,0.49309505706967544
29380,15,39,0.5287842505538392
29413,89,66,0.52764229987038
29426,64,3,0.530264425731805
29448,51,71,
29457,77,48,0.5123873433859399
29492,88,9,0.48508200330603624
29543,56,1,0.5166444894550872
29562,0,32,0.47712792965698
29587,82,79,0.4713404520533051
29594,68,74,
29595,57,51,
29603,47,92,0.5247880225468352
29657,47,15,0.4914965122712136
29710,34,19,
29729,65,55,
29735,24,24,0.49213722814700744
29754,59,61,
29756,17,67,0.507855297587346
29775,39,61,
29797,2,21,0.5165001698214704
29835,2,78,0.4908566754097702
29838,39,11,0.5031423942716247
29858,16,8,0.5280987840008221
29907,31,67,
29912,67,40,
29948,5,16,0.5021501689923289
29951,36,83,0.5126906871461282
29963,83,49,0.47888057311566706
29999,36,40,
30159,15,92,0.4905589453887372
30163,0,57,0.5138950144610943
30165,76,33,0.47963925397466745
30175,2,5,0.4689918718901046
30206,4,74,0.4801337132835912
30237,19,4,0.5014889555350106
30238,60,46,
30248,48,16,0.4855142052409944
30282,20,32,0.5305686528214512
30300,18,75,0.5309642335044287
30349,84,79,0.5203807029011792
30392,29,88,0.4693345871253097
30412,9,49,0.49117831757188185
30416,84,52,0.5279578123367001
30418,38,86,0.4955566326134154
30433,87,23,0.46878121037373915
30459,15,32,0.47096465583700686
30557,44,7,0.5094543391563602
30558,78,39,0.4725899320443121
30560,3,17,0.4939139634580866
30569,51,89,
30570,18,57,0.47108756166304955
30819,56,84,
30839,89,75,0.5125328141931461
30919,30,31,
30921,88,44,0.4986633382410034
30952,36,99,0.5298647608669583
30956,41,45,
30962,19,94,0.5100922638916476
31074,8,82,0.47413295869384353
31102,43,87,
31118,61,97,0.4687556990944953
31158,15,1,0.506572509930211
31178,30,3,0.5174742432320467
31223,28,53,
31254,58,32,0.486542612930175
31269,38,41,
31354,84,10,0.5269195450026265
31393,42,27,
31402,97,68,0.5054175424634367
31437,48,44,
31447,14,33,0.48867645085560746
31460,85,82,0.5306710707324349
31476,63,62,
31523,2,49,0.5287821419655283
31553,85,5,0.5089863500270992
31564,91,53,0.5283881310926655
31590,55,76,
31638,49,40,
31640,38,26,
31686,5,96,0.5057494751942582
31718,26,99,0.468870517809466
31735,97,61,0.4687556990944953
31785,32,71,
31795,6,49,0.4963691697149802
31823,6,57,0.4718995361222993
31917,53,65,
31957,37,37,
31997,14,3,0.5178825897863983
32069,46,65,
32083,13,2,0.46888419104444806
32099,90,45,0.5153499154399565
32194,26,48,0.5289121572574095
32236,2,11,0.46891659508908395
32272,54,15,0.47234833734597687
32275,12,34,0.5226472705717482
32390,12,91,0.5111603993800747
32395,84,85,0.47499222431834054
32459,20,47,0.5134553051007751
32481,8,46,0.5013212175230267
32497,27,82,0.47385707964865087
32583,83,42,0.4702862399903199
32603,12,11,0.5258622784521912
32616,67,71,
32709,86,96,0.472898365666577
32723,34,46,0.4693655203986409
32754,72,0,0.47154625237650877
32777,73,43,0.4914905576665888
32784,96,95,0.5304184002288811
32835,58,0,0.5298125741948926
32853,73,57,0.46880866729626935
32856,26,84,0.5246892134860128
32894,57,41,
32901,53,86,
32952,83,5,0.5067433645889574
32957,63,58,
33060,24,25,0.4710887359826542
33069,47,26,0.5273331700380183
33085,19,40,0.49070363282041957
33155,89,58,0.4778049284573015
33165,88,43,0.47141873774478726
33183,83,14,0.4957183004907086
33189,97,78,0.5114604668057571
33217,2,58,0.46950320343741864
33250,51,5,0.49022982033156326
33455,82,6,0.4865398204551879
33487,20,18,0.5197334028642739
33537,95,34,0.483770111072986
33654,89,29,0.4817029048069905
33675,21,50,0.5001617252579109
33751,47,97,0.5297149700021793
33762,34,6,0.5220667073240046
33778,47,70,
33899,50,46,
33970,48,0,0.4847803569710592
33971,77,37,0.5093030260565563
33982,72,50,0.524890845547758
34009,6,11,0.5181531718286799
34030,22,5,0.46875536453619676
34033,27,95,0.5296545208186221
34041,16,11,0.5014889555350106
34069,41,40,
34070,51,31,
34100,41,37,
34105,54,1,0.4996727050591237
34156,56,86,
34159,86,40,0.46893285096818854
34174,10,21,0.5159340112529175
34182,11,5,0.47009117283921015
34203,5,57,0.5139026354355557
34213,46,54,
34241,50,29,0.47432772697627107
34247,80,94,0.4907250521449911
34273,76,91,0.49474562544970135
34286,99,32,0.4948768767325068
34288,22,79,0.5067259913427801
34301,27,67,
34407,61,15,0.5178870300671349
34436,54,73,
34471,39,53,
34491,33,72,
34524,9,28,0.47204738592835316
34528,91,66,0.4736023071599576
34541,81,49,0.46908276476831035
34554,28,57,
34564,54,80,
34582,8,59,0.4810437573876731
34605,30,98,0.4701354793703298
34688,97,62,0.47060677783040517
34692,68,10,0.4844892874011216
34699,24,21,0.47451620663840205
34739,91,24,0.5083298779896736
34770,71,7,0.4942452150517666
34780,84,55,0.5000131563360884
34901,67,91,0.5311930382812718
34913,16,75,0.5249920079161937
34916,39,95,0.4725126307655446
34938,93,49,0.5256665503622294
34969,19,89,0.4844852584133509
34971,62,32,0.48363476603000105
35014,2,22,0.4714134229203431
35042,72,6,0.48730579103456817
35068,66,62,
35083,20,45,0.531028634888986
35127,40,30,
35159,19,76,0.4706099310956234
35166,81,99,0.5297168850852971
35169,28,0,0.47603223810387185
35207,19,3,0.5055980502193983
35255,73,51,0.5311455540410905
35284,55,50,
35355,73,34,0.5083328601420799
35375,17,7,0.47050184409473716
35381,56,2,0.49472351365216605
35382,60,32,0.49917835212328904
35431,40,35,
35435,56,20,0.5302229393742686
35439,9,87,0.5193372297152097
35441,7,54,0.5000038739132047
35450,83,26,0.49901670001390624
35455,41,39,
35462,80,25,0.5308958557324724
35503,11,87,0.5309666290552104
35522,42,17,0.49375390662746893
35528,23,15,0.502974522733952
35573,8,36,
35575,75,31,0.5290379300501796
35627,78,65,0.5312097582152693
35697,44,32,
35819,33,59,
35824,62,10,0.47061440266032994
35833,44,43,
35863,72,45,0.5125576105500501
35877,81,61,0.528306720686092
35906,26,35,0.4700442640433079
35911,9,21,0.47550847614225805
35922,91,87,0.4970039298078968
35932,73,78,
35958,87,98,0.5001431606327603
36047,71,34,0.5102298342759515
36048,32,51,
36055,65,31,0.49489748075312096
36072,52,86,
36075,89,41,0.5226547312900464
36124,33,19,
36126,93,39,0.4965436799597798
36144,33,43,0.5117901288184054
36201,37,63,
36218,18,23,0.4859541115376362
36249,75,7,0.526141661398659
36254,96,0,0.4720532678169854
36291,74,85,
36293,33,53,
36342,60,96,0.4904063819743943
36361,3,35,0.49966729061420295
36363,23,32,0.5065747786119191
36377,47,6,0.4950570977711099
36410,17,57,0.48449063047311197
36422,26,12,0.5202425189655927
36437,43,45,
36444,84,35,0.5120826084292461
36453,51,91,0.47369004718642516
36485,95,17,0.521241190995387
36509,91,63,0.5201030574710421
36613,61,16,0.4787639283150304
36641,32,14,
36721,55,69,
36734,92,25,0.5298077001469357
36764,49,95,0.529278320278537
36773,32,37,0.48790456445940855
36807,67,47,
36816,13,32,0.49587165077622825
36827,68,16,0.5265787541688444
36843,78,29,0.4760257865902598
36959,99,39,0.5044694112643333
36964,19,88,0.46887024648832637
37002,96,66,0.5309215122166823
37090,48,11,0.531028634888986
37093,47,73,
37155,90,77,0.479898731751516
37168,90,49,0.5311145294094805
37214,60,27,0.4931093917365515
37273,11,47,0.5222988775251742
37353,40,20,
37358,94,60,0.4960212660783706
37404,59,0,0.5310469945944112
37410,23,21,0.4985118295959834
37434,91,55,0.4710213647990458
37444,31,82,0.5001555370554697
37459,53,41,
37522,79,55,0.5209970947464537
37528,82,47,0.49164777033250195
37551,95,61,0.4688174060634931
37583,59,85,
37586,9,46,0.4947303756436761
37593,60,20,0.4948959544511651
37611,38,57,
37617,55,7,0.48158142169055523
37696,12,87,0.484342407700126
37700,5,83,0.5067433645889574
37721,48,53,
37749,5,11,0.47009117283921015
37751,35,71,
37756,63,46,
37826,64,46,
37899,35,62,
37909,41,32,
37921,18,42,0.5139012498804565
37942,89,53,0.47273878977110595
37967,96,16,0.5270141607324944
37974,21,34,0.5092919484616529
37976,48,75,
38031,15,44,0.46924036973367417
38052,73,25,0.5001733281201336
38083,39,8,0.47018813407831617
38084,98,31,0.4815670520504866
38192,90,96,0.5242698592158924
38200,34,9,0.48836842408748826
38201,60,18,0.4797622084115262
38225,88,97,0.48461911280225617
38226,10,68,0.4844892874011216
38253,39,88,0.4944133779791411
38278,9,88,0.48508200330603624
38280,89,19,0.4844852584133509
38310,15,78,0.4694683200649469
38328,6,39,
38338,4,37,0.49456266374516406
38347,18,33,0.47975690420110273
38504,74,56,0.46933027635370167
38537,26,40,0.5006592128735912
38539,77,12,0.5241745232759347
38562,11,42,
38595,14,21,0.515360694823269
38607,56,93,0.48850644968170315
38613,60,65,
38642,8,18,0.5178832241450951
38686,82,52,0.4687525852463047
38697,64,37,
38774,61,11,0.4861056908797173
38788,84,66,0.5253970778539726
38821,55,86,
38823,71,18,0.5157980177759879
38824,97,74,0.4687530088940509
38829,60,47,
38850,64,0,0.495550507293345
38884,94,99,0.5097900284175315
38902,58,58,
38921,39,20,
38996,68,67,
39055,3,63,0.468884692762621
39063,60,50,
39086,0,64,0.495550507293345
39183,39,4,0.4702891158921706
39186,9,40,
39203,10,32,0.5084990340303392
39277,18,70,0.4966882998591972
39282,22,57,0.505277261248935
39283,75,78,
39294,65,11,0.5107000938366981
39307,31,95,0.5243960826375188
39312,79,83,
39329,75,95,0.5052536245000029
39347,17,30,0.48806170363860213
39360,6,96,0.5142053358517964
39398,36,30,
39496,74,34,0.48158517127432166
39512,19,21,0.5026446906865057
39519,54,72,
39554,79,88,
39579,70,74,
39588,97,65,0.5309848356680482
39603,51,74,
39627,52,35,
39630,19,32,0.49456266374516406
39669,28,64,
39699,80,47,0.5306331163773499
39719,48,20,0.48640171262056964
39748,36,78,0.5018297032462486
39831,90,23,0.5296620762894809
39850,46,10,0.46876843201085155
39867,31,9,0.5009918170979856
39911,48,60,
39937,85,39,0.5310989185520569
40002,68,94,0.4800252027841021
40020,59,57,
40175,60,94,0.4960212660783706
40185,42,55,
40186,83,20,0.4688833331295945
40192,8,94,0.4690113693623093
40204,35,94,0.5155167684261016
40261,97,73,0.5290885487620355
40276,48,63,
40302,38,72,
40308,58,60,
40401,32,76,0.5174659054423643
40408,43,51,
40427,8,24,0.47540692808550716
40474,4,53,0.4852154453003184
40503,60,29,0.5296041016116724
40557,94,59,0.5265905455454227
40679,32,12,
40697,41,88,
40747,69,35,
40748,89,96,0.531247554834654
40758,95,76,0.5001462547405049
40798,44,30,
40837,45,16,0.5308949261155875
40897,72,25,0.4747129479028496
40924,48,33,
40928,86,79,0.4698137897868464
40931,13,53,0.48105052271781495
40940,33,9,0.5270087149745112
40948,78,50,0.47656367319740495
41084,73,98,0.4687593553152165
41127,7,86,0.5018103976912777
41179,70,57,0.5284553590276134
41221,51,83,
41248,91,44,0.47342492048272145
41286,78,53,0.4698153912603468
41394,11,27,0.5023145616199286
41469,54,41,
41475,22,7,0.5312472759678281
41532,51,44,
41548,3,57,0.4688182209458652
41554,49,61,
41612,19,91,0.5176195834659166
41643,69,65,
41644,3,39,0.4718284895847536
41655,30,6,0.5064120489255934
41680,94,34,0.5034824701271996
41688,43,19,0.47712898386686214
41704,80,53,0.47045137004137316
41836,42,77,
41864,70,23,0.515066011453397
41887,43,67,
41899,99,23,0.5281648236683624
41909,61,0,0.530815067397204
41913,97,17,0.52310583529425
41971,57,93,0.5083559690522615
41976,70,44,0.47394859126791417
42005,40,94,0.4694345763668261
42040,29,95,0.47612984031843475
42041,28,38,0.5009902708056033
42056,5,93,0.4688562353154428
42109,73,30,0.5206236318560877
42112,36,94,0.5116208182532564
42298,7,43,
42335,61,84,0.49520385244018117
42412,37,86,0.5072298085549547
42438,31,99,0.5267474382285292
42628,38,76,0.47258064970634744
42638,60,63,
42666,69,28,0.526313721262175
42678,5,26,0.46875890671380116
42708,55,31,0.48700248246135364
42737,60,31,0.47067142114500937
42751,54,35,
42771,62,25,0.5204884249142836
42849,84,93,0.5235246779456858
42881,3,80,0.522640340326631
42897,67,8,0.4760277714069702
42958,2,43,0.4699516257241109
42969,78,35,0.47441450614042924
43012,21,52,0.5312251796805489
43073,63,16,0.46995247563535675
43108,90,31,0.530463869934242
43119,58,30,0.5032994054852906
43202,25,15,0.5023145616199286
43207,21,38,0.5073772719333492
43241,72,72,
43306,56,41,
43334,23,55,0.4843551286902121
43445,57,92,0.5110301872071737
43489,4,99,0.5018073087380984
43503,12,56,0.49008000671244484
43508,95,86,0.4706767658347157
43520,96,21,0.5254918620697006
43635,81,11,0.5292761563963134
43665,13,69,0.4770101790228048
43677,57,48,
43726,28,8,0.5294986790522158
43733,57,32,0.4700451454353736
43763,7,58,0.5253858050270083
43764,29,73,0.49833718236429025
43767,34,67,
43808,42,91,0.468750890197964
43845,17,59,0.514337507392255
43856,58,59,
43874,13,8,0.5024804320595524
43913,67,22,0.4822585627043894
43914,30,85,0.47161349851480566
43979,55,45,
44068,17,54,0.5016589678996463
44074,63,11,0.5186925290486999
44114,49,35,
44130,57,1,0.48624586964714134
44143,42,11,0.5073772719333492
44156,9,15,0.5235384207769491
44190,55,46,
44202,73,90,0.5230855130665636
44240,65,70,
44296,18,59,0.4942338108601358
44373,89,36,0.4940878580086196
44385,94,86,0.5311464368719973
44392,71,85,
44431,20,40,0.5311449211575815
44510,98,46,0.5147947884870884
44517,91,80,0.49902597788396913
44583,85,41,0.4809068691582221
44586,31,83,0.48713914817022513
44609,20,10,0.5125484015739619
44625,86,39,0.530227065680181
44640,98,53,0.5269325006158619
44655,27,36,0.479136791608335
44736,58,2,0.46950320343741864
44846,84,80,0.5293245834852465
44856,85,85,0.5297554302351897
44879,39,43,
44919,63,33,0.5295504042643632
44935,46,21,0.5028073349384531
44975,18,53,0.49883729505858754
45027,59,8,0.4810437573876731
45055,64,18,0.5311705290164765
45106,73,5,0.5039557280997988
45121,1,86,0.5021409084726776
45193,5,23,0.5289728537767803
45201,28,33,0.4696529240616176
45215,41,67,
45244,52,76,
45261,41,81,
45284,60,30,0.48294563333037677
45300,56,91,0.4786574343296939
45315,41,48,
45388,1,21,0.49489137562011626
45405,61,9,0.5170634527435708
45424,42,56,
45448,57,53,
45481,74,94,0.5273440368181787
