,x,y,value
70,7,9,0.5112748372364455
112,90,58,0.48327420233694646
135,82,90,0.5225197831146264
169,46,68,
185,70,59,0.5225737749351238
218,35,42,0.5100131413075859
238,10,26,0.47911579570748103
242,19,17,0.5118041754582017
249,3,23,0.4775196288496897
276,34,58,
321,1,24,0.5001862232596912
374,70,74,
391,24,52,0.48575227748645433
476,94,98,0.4794161089314791
478,8,77,0.5081809696484609
498,67,31,0.47865075625327597
517,65,48,
578,6,64,0.496033020996293
580,5,74,0.48661595968554416
611,64,58,
622,81,16,0.49530454419829467
642,89,73,0.48150782182518087
667,11,31,0.4888501444291437
708,29,25,0.47834628294951637
716,54,56,
728,76,72,0.49405781924326014
797,21,9,0.502056100497675
809,83,88,0.519546848813998
831,44,76,
834,72,9,0.4871128562713925
835,17,48,0.5175649642275559
850,81,47,0.5210675156124074
863,85,4,0.48175873199031843
866,58,73,
883,93,53,0.4803454820243098
916,39,46,
919,16,35,0.5149510076196879
956,70,19,0.522157266545541
964,80,95,0.48767930587755387
1039,59,82,
1062,49,17,0.4831809806119045
1119,44,12,0.47955016192810246
1161,32,41,0.5064742719931402
1202,51,49,
1209,10,34,0.488257282070817
1251,17,8,0.48361144567540393
1354,68,49,
1429,67,73,
1435,62,78,
1451,91,32,0.49066585293715936
1459,86,93,0.4795896218096387
1486,8,9,0.5005718651330681
1596,15,46,0.47912212230516454
1607,26,82,0.5092176294190481
1686,97,41,0.5160420666774292
1695,95,81,0.4799559819449306
1703,43,55,
1734,32,36,
1767,12,41,
1780,28,12,0.5036444866413387
1781,27,14,0.4988141578638334
1782,25,35,0.5023684723420889
1795,70,54,0.47847929532603206
1803,73,15,0.4773211076496099
1804,52,17,0.5152589996081873
1838,74,31,0.5007684972287281
1849,36,6,0.4787671100223495
1852,9,95,0.5227262477218301
1854,81,9,0.5178814404559702
1858,43,3,0.5137998842315958
1868,32,97,0.5111079518607509
1894,41,70,
1903,19,33,0.5056590283733001
1918,88,76,0.5124277733613013
1945,92,67,0.4830813680830838
1981,8,87,0.5227174292399859
2031,11,91,0.48184778710719367
2070,7,66,0.48613479987995434
2096,18,39,0.5187497292501692
2137,23,92,0.4773823398873622
2187,33,43,0.4831542478123791
2196,95,86,0.4807755330723608
2203,18,48,0.5203169075132673
2226,12,52,0.5148303643890437
2274,72,12,0.4774155926620039
2306,20,95,0.522679443808859
2350,39,76,0.5213837208596811
2382,53,73,
2403,8,3,0.48803710311456416
2406,63,28,0.4850731578869841
2452,59,55,
2500,83,60,0.4773373825551563
2510,72,71,0.5221309003780321
2512,48,29,
2533,87,43,0.5074614031064804
2571,52,67,
2583,10,36,
2608,28,39,0.5032080292638361
2610,46,23,0.5142145604400891
2634,57,82,
2636,61,97,0.5188586591977957
2680,23,70,0.5208260189135098
2689,47,61,
2710,14,10,0.5060189603988063
2718,76,53,0.5122332831453968
2756,33,15,
2776,79,79,
2778,3,50,0.4811620404523358
2789,90,30,0.49612446228097085
2834,32,70,
2839,14,62,0.48056141244551315
2877,26,68,0.4915665026769544
2962,42,66,
3043,82,44,0.518984159167106
3045,61,90,0.5096824680145947
3047,38,42,
3101,34,1,0.4979015414852084
3112,60,79,
3199,63,8,0.5061728037055573
3202,69,29,0.5023948501744582
3205,98,90,0.4869662400129645
3210,1,91,0.519173320469305
3218,22,48,0.4773971732975809
3241,6,94,0.4866673710030732
3259,87,40,0.5150647077274915
3301,0,59,0.5225728759818804
3316,26,24,0.4862572740084472
3409,65,21,0.48533361356357846
3410,58,72,
3421,22,85,0.518314187896774
3466,97,21,0.4932587445875761
3488,18,67,0.49442076228235265
3494,80,81,0.5018782880722331
3502,24,6,0.49516136858940474
3530,14,30,0.4993988704364095
3555,71,29,0.5215973067272178
3604,18,13,0.5019421601352899
3647,54,76,
3650,96,56,0.49947841773627544
3685,58,34,0.509000954962757
3782,23,20,0.5215283444574895
4062,94,34,0.5049034126617843
4100,52,3,0.4803335618959154
4107,58,41,
4123,89,60,0.4784965872149842
4148,0,37,0.5099724447544975
4162,68,57,
4163,17,25,0.48535388543275154
4172,73,74,
4175,87,16,0.5180395631836158
4195,12,54,0.48003412686290664
4360,40,16,0.5071946410512193
4409,71,61,0.49053956792564474
4421,7,68,0.4793590808946084
4422,79,10,0.5068862363864901
4439,4,9,0.47751341362539995
4480,29,3,0.4896563474335472
4481,64,84,
4529,3,38,0.4919832266051251
4533,79,44,0.5074890602919339
4537,81,75,0.5164622751540976
4549,22,92,0.5008242734727167
4576,88,23,0.4857544300784897
4590,64,4,0.5108355066972282
4609,6,35,0.5072098398523734
4620,49,64,
4645,39,32,
4694,37,99,0.51995690315403
4760,77,61,0.5083194736853154
4763,92,61,0.5215537155549447
4804,89,95,0.5212450963979965
4830,25,30,0.4961849140705681
4854,95,29,0.5212856517037873
4861,10,87,0.5065864783748563
4908,75,13,0.5161263931744638
4926,74,11,0.5187647064597329
4928,1,74,0.5054269880867615
4935,13,54,0.497401397197243
4991,43,43,
5014,84,94,0.5085052983186242
5051,71,84,
5093,71,12,0.514346958543745
5132,24,70,0.5220419614373912
5139,6,30,0.5127552991428576
5147,10,5,0.49227767202084693
5174,11,7,0.5208557750382586
5195,74,72,0.5224579676401317
5212,90,32,0.5179175342182206
5232,2,50,0.4781087031343754
5239,0,0,0.500000006236898
5272,60,27,0.500159700156901
5357,59,27,0.4969184009137128
5373,83,26,0.49725104205594683
5377,12,67,0.4891853984586321
5400,32,95,0.4828364186171027
5408,6,96,0.5099391629849775
5448,49,36,
5455,10,52,0.496342436139438
5500,75,83,
5507,0,35,0.5226887587729461
5590,71,53,0.48043036574030745
5682,53,76,
5692,64,45,
5725,24,78,0.5056772222218753
5736,5,21,0.517719282463268
5841,95,42,0.504200188418603
5858,82,52,0.4776149046811224
5962,89,77,0.5209374659789103
5989,91,76,0.5012785515579455
6005,56,45,
6030,87,6,0.5113280523917176
6042,86,41,0.5227270500537513
6131,81,95,0.4799559819449306
6150,21,24,0.5162794487520549
6153,60,87,0.49973643220904534
6173,60,46,
6245,68,73,
6271,1,82,0.48018732676195974
6292,84,46,0.4831757783721805
6308,91,3,0.49444165564525755
6356,90,87,0.4977926233200596
6383,14,61,0.5066118595048137
6389,92,64,0.4828730539642841
6425,4,60,0.4932281441752258
6437,81,97,0.4854453553028548
6451,80,74,0.4883368619203399
6456,46,74,
6461,78,50,0.5226526514688307
6479,12,47,0.4772824212358668
6483,53,39,
6490,5,49,0.5189665198209032
6497,34,6,0.4929544033534102
6521,12,42,
6570,76,81,
6582,19,52,0.49533049902105214
6602,93,28,0.482501154547903
6611,92,97,0.5063947769537552
6613,47,41,
6713,31,64,
6754,16,64,0.5049530400330163
6768,72,54,0.47756278276260006
6770,62,32,0.507724938808227
6820,84,29,0.4774492200152148
6840,83,14,0.4772757210106263
6902,55,50,
6943,51,57,
6970,92,9,0.4983046123420843
7058,72,14,0.47737619481720717
7073,19,19,0.4996143246017168
7082,2,76,0.4779387930874674
7152,10,74,0.49527589329239907
7160,99,88,0.5021941895421527
7259,51,38,
7274,66,69,
7277,5,91,0.5216850542692246
7297,78,17,0.49561966663238594
7304,15,73,0.4773211076496099
7320,47,71,
7368,30,41,0.5098431453355462
7381,87,77,0.4850552482625662
7442,5,97,0.4789918694173788
7512,53,9,0.5178977995944469
7534,41,98,0.5001939593506776
7545,64,95,0.48620671470376714
7572,65,61,
7579,66,95,0.508557027669293
7589,57,80,
7688,78,13,0.5224209036941252
7706,83,62,0.47906878492036087
7733,48,12,0.5171965134552906
7812,33,0,0.4779413186131362
7818,76,46,0.4875389475410868
7836,78,65,0.47845050709580883
7973,82,94,0.5210463073168143
7992,95,5,0.4872492869935625
8119,59,30,0.5048413432961997
8127,69,74,
8145,54,75,
8146,25,48,0.5110616415126799
8194,30,9,0.5195643058666194
8209,36,71,
8215,80,43,0.5043673318101031
8222,90,12,0.4858437352622311
8238,29,33,0.4789716875518419
8259,39,42,
8269,79,20,0.5207680788412278
8284,46,87,
8404,22,7,0.48797608454160823
8422,43,68,
8423,38,0,0.5007712584304337
8465,91,42,0.5201852373453558
8483,14,26,0.5166733360511323
8514,60,37,0.4826152281389204
8529,53,61,
8530,75,38,0.49833877903149804
8550,98,93,0.48992045223057584
8577,19,3,0.4785364311088539
8630,77,25,0.5206263372329366
8650,55,56,
8674,59,63,
8717,98,74,0.5113811850397683
8735,71,10,0.4969660379750636
8789,28,37,0.5226072460052961
8794,72,64,0.5227093467305595
8857,84,48,0.5072449409691343
8885,65,5,0.4840317009672458
8903,89,12,0.47731753656974946
8904,58,14,0.4856714900692001
8925,83,99,0.5066419882304111
8965,54,68,
9005,3,8,0.48803710311456416
9046,84,74,0.5050694596995985
9049,20,30,0.5201743068277973
9057,30,7,0.4818767554911363
9061,62,68,
9067,58,75,
9089,42,49,
9101,97,45,0.4786101215725084
9146,65,57,
9168,2,43,0.49518998783198254
9174,1,53,0.49158395169990887
9258,63,9,0.5147355098894224
9276,60,92,0.5196905019977055
9280,49,66,
9306,34,14,
9345,13,9,0.5145257782585835
9364,61,67,
9411,23,34,0.4911337032241447
9548,80,41,0.500133176836586
9570,77,85,
9572,40,44,
9581,94,67,0.4777261062369249
9667,95,40,0.5211326007719398
9685,80,66,0.4776712957648915
9692,57,23,0.5023288995563061
9693,1,57,0.5090790306934828
9699,22,70,0.5103721925228544
9712,62,45,
9728,95,73,0.5224260365314516
9748,74,50,0.5141856535663806
9758,97,42,0.4789798724915738
9785,38,58,
9787,70,72,
9792,10,80,0.48335373851948715
9850,61,74,
9876,7,1,0.4842278864791913
9906,64,5,0.48332855400603325
9912,14,88,0.520848302116516
9926,15,38,0.47860284771528827
9973,57,76,
10023,5,55,0.49247809303837464
10069,35,59,
10083,92,0,0.4937788292032361
10137,68,92,0.4882137859644122
10163,21,33,0.4804641672168608
10268,90,56,0.49274250268172115
10273,57,16,0.5125187719454234
10281,97,55,0.5171929001914478
10314,25,55,0.5120375233474561
10328,74,62,0.5187149968751988
10363,53,84,
10391,49,82,
10405,84,26,0.5207421865110116
10413,25,14,0.4897583287744656
10431,89,79,0.5150626389653331
10445,93,34,0.4779196747915908
10458,58,94,0.47782796121972543
10477,16,82,0.482391297506451
10586,47,78,
10635,86,91,0.5171374880950295
10671,72,60,0.47754408422671235
10732,24,41,0.5216268836285153
10810,11,26,0.5089202120161986
10852,67,76,
10856,54,6,0.5066219038272092
10859,21,86,0.5105257857222208
10876,73,70,0.48701653491139596
10981,38,53,
11026,9,61,0.48420880001524125
11059,16,81,0.49530454419829467
11070,47,18,0.47813971791246007
11087,83,10,0.5212873943570817
11130,54,44,
11148,50,37,
11149,80,56,0.5132052327709101
11180,83,39,0.5225867608731467
11183,63,5,0.477434356216678
11276,65,7,0.5020825141986717
11294,35,11,0.5140583654395433
11358,82,73,0.5088469709669677
11373,81,38,0.5140961073477519
11379,67,80,
11390,68,81,
11398,13,60,0.49054208004867705
11428,42,69,
11489,31,90,0.5011913726225398
11515,88,37,0.5058445303109745
11520,36,53,
11526,8,78,0.5199032552502764
11566,40,48,
11613,86,76,0.5135536297751075
11652,53,53,
11709,66,22,0.484816105015867
11728,98,34,0.5043125482973557
11764,87,68,0.48928175306474503
11778,82,77,0.48678174074975594
11803,55,46,
11903,22,69,0.5063109492920049
11963,39,38,
12048,3,24,0.48425854912389077
12120,10,0,0.5227118837428497
12170,29,31,0.47732285274327346
12279,25,29,0.47834628294951637
12289,44,51,
12306,76,18,0.48580399990772344
12321,82,60,0.5221749609817973
12362,13,37,
12380,35,26,
12410,64,55,
12448,89,22,0.5165591059984617
12468,98,41,0.5001939593506776
12564,47,29,
12568,22,87,0.48003544691775984
12584,76,95,0.5213656937318251
12609,74,55,0.48961356394092875
12708,63,19,0.4799936121719965
12770,85,0,0.48542711385121556
12805,16,38,0.5184206065562731
12808,49,67,
12821,95,87,0.501024140408512
12847,94,95,0.49659954302666215
12857,64,96,0.4943334917291767
12880,51,9,0.501730113367373
12941,97,89,0.5122132511866694
12974,95,68,0.4813760839384041
12985,2,66,0.4811679161121919
12988,91,72,0.48950950455125664
13017,89,25,0.4791804148870273
13037,78,41,0.5010820993889116
13044,41,59,
13127,32,6,0.4779140579078445
13192,82,53,0.4848634482179137
13236,27,55,
13251,32,44,0.5101156980851873
13258,73,32,0.49710848224095655
13290,51,60,
13336,12,8,0.4832204308512374
13344,50,76,
13370,39,24,
13442,78,24,0.5056772222218753
13458,81,50,0.5011913726225398
13462,13,56,0.4889103847730501
13486,97,77,0.4873923685206783
13506,34,37,
13519,5,8,0.5186118854758589
13525,91,67,0.5105536914179546
13620,76,37,0.5126448604671585
13630,57,79,
13638,19,41,0.5161076923084953
13643,60,15,0.48801455915733183
13677,66,72,
13767,56,3,0.5200354284555838
13804,6,34,0.4929544033534102
13833,10,83,0.5212873943570817
13837,83,15,0.47727415392978717
13865,65,29,0.48803945228223894
13894,66,40,
13920,38,43,0.4815777878067432
13947,37,49,
13952,94,64,0.5017642722097023
13968,24,35,0.4907142456249379
14000,40,5,0.522249201599188
14005,84,92,0.52198649070514
14015,37,96,0.5219267196308421
14096,84,43,0.48772670554764924
14107,39,48,
14170,61,18,0.4963713440855615
14217,41,3,0.510191830310499
14348,57,46,
14450,33,87,0.4996806262814222
14481,5,90,0.5117517182971723
14484,80,47,0.49323078152049477
14505,64,73,
14510,12,87,0.505738732286006
14514,41,19,0.5161076923084953
14544,59,99,0.5168709645938333
14612,13,23,0.5171320430104454
14615,95,6,0.5011913726225398
14651,27,77,0.5150228739317245
14668,87,78,0.5189856779805957
14695,66,46,
14742,77,19,0.4810835735162295
14750,57,14,0.5084555698042749
14766,69,97,0.5007370170658345
14769,81,36,0.48364824359231
14803,92,69,0.49466643962678214
14819,55,61,
14901,1,61,0.47987734821180483
14919,35,64,
14936,26,42,0.47729502903513554
14973,93,18,0.5207541395872367
15058,47,32,
15073,26,45,0.47736389073763474
15081,75,41,0.4822158608884031
15097,20,52,0.5226974925152917
15136,53,32,0.49545278762969014
15157,47,91,0.48787449853555426
15236,8,27,0.4772797622670663
15238,3,2,0.5226966666990294
15254,17,72,0.4774867610829374
15336,61,93,0.513392536848984
15422,3,35,0.47808598900644833
15472,87,88,0.4871812148567621
15592,97,56,0.5223878724425434
15612,14,33,0.48815949819006077
15623,24,46,0.5220921960302941
15625,17,39,0.5154492557474442
15643,45,6,0.5131552643774301
15671,61,0,0.48124279142541404
15740,65,0,0.4909772442334344
15794,86,58,0.5043125482973557
15823,98,83,0.510475799962806
15871,20,87,0.5208935785851967
15930,84,68,0.5151064506789025
15941,57,24,0.48801455915733183
15954,93,61,0.513392536848984
15959,87,47,0.5167758542865493
15965,83,68,0.520684195181156
15984,60,73,
16010,97,13,0.4821417888618606
16042,76,90,0.4782591360181727
16059,11,25,0.4823710524934903
16073,72,66,0.5123090963734923
16123,80,90,0.5133004004900908
16140,43,8,0.4844864333446384
16255,4,19,0.5014859356189563
16257,53,2,0.510659741271585
16259,26,21,0.48475084387154366
16263,9,76,0.4984820974696783
16264,60,58,
16347,15,10,0.5061291833675687
16384,61,6,0.48270811495045446
16387,86,32,0.4938937131633812
16468,29,19,0.522456778887752
16590,9,80,0.48748585265520183
16592,82,80,0.5156739717711075
16636,63,32,0.49999724344959134
16670,49,21,0.5107606277272072
16681,46,71,
16704,47,52,
16707,98,40,0.5047630287450536
16739,83,36,0.5092908099068116
17029,29,8,0.5082973572524982
17053,14,28,0.4989416478095961
17081,72,17,0.4774867610829374
17094,88,93,0.48023024825612665
17110,7,25,0.5224588150947989
17114,5,88,0.47850518836118705
17119,15,58,0.48576045889016684
17191,19,1,0.5104713859934144
17217,31,42,0.48697303083463217
17290,3,68,0.4891853984586321
17293,50,21,0.5184034371975406
17371,62,82,
17409,24,55,0.49456014701789835
17435,65,43,
17470,34,18,
17486,23,16,0.5169046163641889
17513,23,18,0.5124809292892408
17529,85,50,0.4989653836910994
17534,7,45,0.4821746490763503
17543,95,48,0.4879695202464455
17587,73,10,0.5208260189135098
17602,69,48,
17604,13,38,
17605,12,25,0.4857958023703156
17627,1,10,0.5113740100485379
17629,38,94,0.4784871241769692
17655,1,12,0.5005718651330681
17695,33,83,0.47734165749753815
17699,71,46,0.51943029220684
17736,91,98,0.5149967338971754
17741,95,84,0.5043120063244358
17782,55,82,
17836,44,71,
17845,41,82,
17876,50,57,
17879,97,87,0.47797512321936264
17882,29,56,
17900,72,23,0.5190190223807098
17901,55,67,
17979,52,10,0.496342436139438
18038,84,99,0.4811961128810562
18044,55,45,
18067,83,31,0.48043036574030745
18089,89,51,0.5098625651994477
18223,58,35,0.5196598001653554
18296,74,87,
18316,81,26,0.49414266723330397
18383,26,57,
18398,24,36,0.47888596721828425
18454,39,37,
18463,17,87,0.5062902436642907
18506,65,28,0.47730941105138347
18510,76,24,0.5185645114115471
18598,39,78,0.5113280523917176
18605,4,66,0.4882913638075323
18654,44,85,
18666,28,3,0.4772797622670663
18698,99,18,0.49564569618208126
18712,7,24,0.477572632425529
18816,0,33,0.4779413186131362
18819,15,34,0.5176557829303842
18822,3,57,0.4790927591824717
18880,26,75,0.49252347470219415
18887,19,49,0.5222350059834726
18910,56,49,
18913,65,34,0.48749231134057613
19003,26,98,0.4784871241769692
19073,84,44,0.4874393023568847
19098,23,75,0.5218033227242521
19216,2,98,0.4792632500289801
19217,75,50,0.5117517182971723
19224,79,5,0.49744916186614624
19229,30,80,0.4795791809554965
19240,29,22,0.5021567870627061
19248,85,93,0.5195617743756498
19271,88,98,0.49805289700393135
19319,3,90,0.52009046402366
19340,58,63,
19365,20,5,0.5220959523071403
19374,50,71,
19411,22,9,0.5097543977482016
19431,98,62,0.4988776227489618
19460,73,12,0.4774867610829374
19467,88,17,0.5223734524751475
19475,17,90,0.48540084022000035
19510,53,15,0.5209836041211137
19542,45,7,0.4821746490763503
19574,16,0,0.5179582516042542
19599,94,39,0.49654710172363614
19611,51,19,0.47747918764948927
19647,92,36,0.5040061604267972
19768,56,89,
19877,61,48,
19990,68,77,
20023,5,51,0.48016381779040246
20030,46,69,
20049,78,60,0.48938470808335094
20055,87,39,0.5010771314291187
20087,6,1,0.5155232682418812
20090,78,96,0.5180768055333387
20125,18,99,0.49564569618208126
20188,65,54,
20200,12,3,0.5151859630777754
20244,24,0,0.5201681965142793
20272,71,28,0.5040850043867358
20278,64,9,0.5220897290208422
20281,31,83,0.48043036574030745
20372,65,85,
20407,89,69,0.4868749558604721
20414,66,3,0.4781058840999023
20426,35,41,0.5150029607095122
20447,68,75,
20561,59,38,0.5224701261974393
20608,4,76,0.4776934350383182
20646,22,84,0.5219502427550308
20662,91,82,0.5023635257918984
20668,50,22,0.49095037191007823
20679,60,95,0.5100438858233111
20683,24,30,0.49665254883448795
20684,2,10,0.49083089702549276
20697,80,99,0.4775906076026911
20712,46,37,
20776,83,75,0.4905636910865674
20786,95,88,0.4800789097494845
20800,16,19,0.5137766029728491
20835,87,91,0.5214511971196519
20863,29,44,0.4834136810077362
20897,73,79,
20929,82,50,0.48668706859944666
21015,2,53,0.510659741271585
21053,39,5,0.487293234311121
21062,2,49,0.4776335873548436
21123,24,90,0.513555404348465
21143,45,74,
21154,40,9,0.48383045795910606
21172,25,74,0.5090349387467357
21186,24,19,0.48935198573457417
21231,68,85,
21272,70,4,0.4776237489243546
21287,37,58,
21326,28,31,0.48785440837326033
21342,30,32,
21360,25,94,0.5045082365550727
21405,49,42,
21439,61,63,
21445,10,66,0.5134807777367838
21474,41,48,
21528,45,3,0.4772805094933209
21546,30,10,
21616,85,66,0.5062057690493819
21632,95,51,0.47856272628232593
21726,26,84,0.5207421865110116
21731,35,91,0.5225121150893325
21742,21,68,0.5114752796001647
21746,30,25,
21747,21,94,0.47732700654166416
21833,49,85,
21852,98,47,0.50708079881763
21863,53,12,0.5223111159205028
21868,27,49,0.47730418287464677
21874,8,44,
21898,2,41,0.4911337032241447
21933,5,76,0.5197314890373236
21938,61,92,0.5215537155549447
21940,50,72,
21977,27,25,0.5020428925947936
21991,16,98,0.5225036903467236
21996,47,72,
22008,28,80,0.47938250176652103
22053,63,53,
22076,36,65,
22082,35,20,
22098,60,18,0.48080240101329524
22132,68,22,0.48013529453752934
22142,48,16,0.5070203871693646
22156,98,2,0.4792632500289801
22176,33,92,0.5197183133883888
22260,42,17,0.5031631652018005
22267,50,1,0.5224252288991279
22278,16,26,0.47780775172299345
22312,89,23,0.516562512197234
22333,25,93,0.5223682862388144
22359,14,12,0.4834246406329239
22372,32,25,
22380,16,69,0.5173812247257824
22538,63,63,
22547,74,99,0.5147619962634586
22617,57,65,
22693,16,46,0.5044036590282868
22704,96,3,0.4774904079405042
22773,80,52,0.4874190470336711
22777,81,64,0.47805392957734744
22781,41,84,
22785,78,73,0.5101725637990904
22853,87,61,0.4828172355565794
22891,40,30,
22942,51,10,0.47736389073763474
22944,43,27,
22956,18,36,0.5179501203455715
23001,96,0,0.5223266535107511
23019,66,30,0.518211241082361
23035,91,12,0.4793701961171094
23043,52,94,0.496292271017239
23065,41,33,
23125,32,30,
23188,76,74,0.5210894184976727
23322,30,23,
23327,43,65,
23348,56,20,0.4772763515408833
23363,52,80,
23429,97,12,0.5197183133883888
23434,98,8,0.5194591847026885
23436,18,47,0.47813971791246007
23570,38,41,
23583,64,83,
23657,36,56,
23735,25,17,0.48535388543275154
23743,94,42,0.4843372487305303
23774,91,6,0.5213953015488997
23837,36,22,
23842,40,47,
23906,58,24,0.5110524686695781
23977,37,70,
23979,9,93,0.5117474609349585
23995,32,47,0.4995585233255457
24050,82,37,0.4905350459498692
24051,81,52,0.48010449855004866
24102,5,4,0.5096894666160882
24170,93,92,0.49856150055947146
24183,49,7,0.5026408802521137
24245,49,88,
24262,39,56,
24403,60,0,0.47795482260856814
24449,99,44,0.49228494854702703
24472,14,75,0.47771562403082063
24473,98,13,0.5225491390883991
24501,22,63,0.4846112443447877
24555,52,88,
24610,52,24,0.48575227748645433
24641,4,72,0.47859931091398517
24650,71,2,0.4953121139230483
24652,19,75,0.5226168580541066
24658,92,38,0.49304061731931637
24728,20,97,0.5031555039531506
24757,53,83,
24773,28,51,
24803,83,83,0.48638878707785277
24856,7,80,0.5102771851338413
24873,13,65,0.47807547476298984
24903,54,20,0.4791835186582802
24986,64,40,
24987,15,91,0.47787326926336093
25007,49,74,
25080,90,40,0.47933256501616994
25097,75,49,0.5021089250632381
25142,69,88,0.5155700240421752
25155,12,79,0.5054345003357215
25163,73,4,0.4784135713688216
25196,95,43,0.5163644284654009
25244,84,45,0.491697511295904
25277,1,43,0.5023684723420889
25288,39,74,
25296,29,45,0.5222432077593199
25328,95,16,0.5098361716207976
25341,55,77,
25446,10,73,0.5208260189135098
25463,30,79,0.512876230231924
25489,49,43,
25555,20,15,0.477572632425529
25571,20,74,0.5226160950550112
25748,59,64,
25758,96,8,0.5227093467305595
25830,51,94,0.5220977618180721
25902,18,62,0.4773629537381708
25915,9,21,0.502056100497675
25919,54,71,
25928,64,13,0.5052873661824742
25981,21,70,0.5013690204080309
25993,7,36,
26005,93,48,0.4772730259413449
26113,13,46,0.5040665214525728
26148,56,69,
26152,60,42,
26159,5,1,0.5023552822139892
26181,82,40,0.5130880388321059
26187,92,95,0.47994063531821735
26215,20,32,0.49209035917375316
26224,38,88,0.5142976176840728
26240,76,70,0.4977953730617876
26345,51,11,0.514973052570642
26367,7,29,0.5038570365307357
26489,34,9,0.5211297527293963
26517,36,82,0.49717152394916014
26523,43,85,
26537,76,69,0.5021644883848297
26544,18,81,0.5226898444136817
26638,35,49,
26644,95,59,0.4926619119409888
26664,79,61,0.4826134487195556
26670,47,24,0.5227270835350827
26724,58,17,0.4901279892687633
26734,17,88,0.5223734524751475
26813,18,78,0.5006541695370196
26832,10,90,0.5027912017824292
26849,91,43,0.4801897639742734
26856,85,71,0.519662295029297
26874,86,59,0.4820190934064219
26955,4,35,0.4999707195854103
26966,37,52,
27014,47,64,
27044,75,39,0.522607529412411
27051,31,17,
27069,87,59,0.5031845043308208
27088,71,19,0.4959492581538494
27094,51,48,
27101,7,91,0.5087659750200411
27176,86,29,0.5133670760994883
27238,52,13,0.5104218206813919
27281,11,9,0.48030564821540034
27282,19,4,0.5014859356189563
27285,10,76,0.5226160950550112
27359,21,61,0.4783342326944933
27385,98,82,0.48409078731237065
27410,82,71,0.47751453784152187
27431,11,40,
27436,48,37,
27501,47,40,
27522,39,25,
27536,76,6,0.5225389867473621
27541,18,93,0.5207541395872367
27589,4,37,0.48017812883638866
27604,89,37,0.4972559791803406
27639,44,64,
27709,85,61,0.4938351859755431
27761,60,33,0.4893285602994865
27770,21,16,0.5212176913327534
27774,52,82,
27804,46,26,
27813,72,46,0.4795791809554965
27820,36,38,
27852,51,84,
27901,16,57,0.5125187719454234
27944,28,85,0.5113577406534665
27990,69,57,
28048,2,2,0.5156066168407285
28049,2,16,0.4804208190471886
28107,78,67,0.5224027396164153
28173,52,50,
28174,38,24,
28180,12,5,0.5177458960861777
28266,47,99,0.5030443793511653
28297,30,71,
28300,49,8,0.509428780579014
28304,99,71,0.5160232672879778
28361,76,22,0.5023871567444855
28384,60,75,
28394,12,64,0.5185197770515468
28397,69,78,
28429,14,79,0.5007684972287281
28498,12,6,0.5055765719043348
28609,12,89,0.47731753656974946
28642,81,31,0.5138525119868248
28779,19,39,0.4950782564496177
28796,61,29,0.4795757863384861
28838,47,22,0.5150589142153391
28840,30,56,
28849,6,38,
28866,86,51,0.4862762064684762
28883,12,94,0.4966000888144275
28885,32,61,
28891,77,10,0.48167339814494275
28952,3,87,0.4773273506002329
28955,37,0,0.5099724447544975
28967,42,32,
28990,58,70,
28993,43,5,0.5188141356116294
28994,28,87,0.5129943602222262
29014,94,58,0.47782796121972543
29040,4,0,0.4773095681177943
29044,93,23,0.4802726377677513
29045,45,23,0.5115234189748187
29057,71,99,0.5160232672879778
29075,24,51,0.4813135918098664
29084,77,45,0.48675613115149213
29094,42,12,0.5025958705889153
29111,67,24,0.5114752796001647
29127,38,44,0.4817808402687842
29193,67,64,
29232,21,42,0.522602550290553
29247,22,66,0.484816105015867
29262,66,45,
29310,91,63,0.5124989336228287
29315,36,94,0.5203406270566902
29316,8,84,0.47775567101709
29342,51,26,0.5122398024578149
29386,85,55,0.4965159732379467
29479,87,56,0.49790924492023725
29505,21,44,0.4858727179070033
29507,6,16,0.5181409141078823
29515,94,45,0.48509900983256504
29539,43,23,
29584,31,24,
29622,44,55,
29645,14,73,0.4773288539368778
29684,5,11,0.5203430913682214
29730,27,36,0.5213281455144958
29733,15,74,0.5119967191752999
29753,65,22,0.5037834999501861
29767,54,3,0.5143615246039974
29831,84,88,0.5168509568691284
29844,83,45,0.5177607312928111
29857,96,24,0.493477554873682
29870,19,13,0.5140479427264192
29879,48,15,0.5138547021619717
29894,48,81,
29898,51,87,
29931,70,40,0.48335373851948715
29945,37,18,
29997,1,56,0.4928027507753955
30033,73,43,0.4778037067951913
30046,31,60,
30081,88,83,0.519546848813998
30103,20,40,0.4847389654792295
30141,46,59,
30184,68,95,0.4813760839384041
30186,13,99,0.5226901292172528
30287,36,41,0.5176842795203799
30318,23,91,0.5219721502472259
30335,96,45,0.511699648787134
30351,79,95,0.5013375788522044
30443,54,5,0.5184034371975406
30445,92,56,0.5205396480404358
30462,68,91,0.5178305039960289
30486,7,33,0.5226662027175157
30518,54,77,
30543,62,2,0.49236036217811047
30591,67,36,
30596,12,20,0.478771843182776
30685,6,9,0.5202918331472155
30724,87,52,0.501334820843896
30726,99,76,0.5155482741464454
30753,4,11,0.4839826242246095
30865,21,98,0.5201852373453558
30875,23,73,0.5193260664652768
30909,66,84,
30930,50,60,
31007,97,70,0.5050699977908332
31049,4,14,0.4919558290964453
31088,96,33,0.5012520688249429
31108,83,58,0.5059032492200136
31151,55,72,
31186,47,39,
31208,28,32,0.47753229565064403
31228,74,56,0.5090861224241652
31276,69,8,0.5042338537227303
31285,77,17,0.5226885978169833
31290,9,49,0.49994143298255367
31294,30,28,
31326,93,24,0.4774904079405042
31338,62,8,0.48676241899264616
31368,49,52,
31403,20,62,0.4809156103763995
31470,36,96,0.4782095214418252
31540,20,96,0.5214617638850412
31581,11,24,0.5212176913327534
31604,73,28,0.5169878324275806
31609,74,43,0.5168920530341935
31649,53,92,0.4905903419001663
31670,78,99,0.522579868536468
31689,1,47,0.5128365871498974
31713,94,70,0.4811815379202792
31753,13,51,0.4806056405431519
31784,5,68,0.4794276020140877
31805,93,56,0.522378099289635
31808,23,2,0.48797608454160823
31815,28,81,0.4887784725123994
31820,43,63,
31826,81,0,0.5146929751538637
31845,24,17,0.5193275201646216
31933,92,48,0.4815419345966285
31975,15,76,0.4794924084203144
31994,17,79,0.5059880493342374
32012,51,23,0.47730418287464677
32018,20,20,0.4934034862160255
32076,3,78,0.4791116562488319
32195,23,89,0.516562512197234
32206,39,17,0.5154492557474442
32228,13,12,0.4963266212036015
32269,74,48,0.48731981918488304
32321,91,24,0.5209363911682168
32337,2,15,0.5015576096323807
32361,77,67,0.5007635264800242
32370,25,33,0.4910284952951675
32387,2,51,0.5220091268878878
32424,86,38,0.5153378676771747
32462,11,23,0.5118041754582017
32475,35,9,0.5219585297325645
32554,12,44,
32560,44,35,
32565,57,83,
32579,13,40,
32828,57,35,0.49958780481745974
32870,55,30,0.48026194568874553
32890,56,98,0.4870623810817993
32904,16,6,0.5181409141078823
32934,60,90,0.49103357240328765
32969,80,72,0.49145578379463506
32983,69,28,0.5210049794313844
32995,83,95,0.5225925891823656
32999,31,69,
33029,70,88,
33057,50,11,0.495593643048903
33090,60,36,0.5224869996938489
33129,13,31,0.48237942555134894
33146,99,10,0.5190002449231323
33239,3,42,0.4773307322103327
33294,70,41,0.48058062119853795
33303,12,93,0.5223924239898066
33304,24,86,0.4782584918755856
33311,79,15,0.5008828054546209
33339,61,46,
33374,34,71,
33502,80,59,0.48591431046984934
33538,11,41,
33542,56,50,
33577,45,33,
33583,92,7,0.49910892497118814
33637,68,20,0.5187437936496867
33644,56,41,
33669,21,17,0.48467601409902855
33679,90,68,0.5179188942092608
33694,98,79,0.5196197571915161
33698,92,19,0.4781943519501321
33702,80,86,0.5002497672093403
33733,93,20,0.5106529080301887
33787,11,46,0.47727366711224045
33799,39,45,0.5032370200277839
33802,73,49,0.49604063882500415
33805,1,4,0.49051796842924394
33880,17,21,0.48467601409902855
33945,22,29,0.5021567870627061
33956,31,3,0.522579302446899
33972,0,31,0.47778336002213034
34023,90,18,0.48191383292354645
34040,6,25,0.49768705386371714
34043,43,88,
34084,94,71,0.4956717316620499
34087,47,85,
34103,45,54,
34123,84,23,0.4954787782814995
34142,96,53,0.48573377302235105
34143,61,94,0.5186485980096556
34160,34,64,
34167,54,10,0.5113601336275835
34197,98,68,0.5005083362062246
34206,29,38,0.5040665214525728
34228,60,44,
34231,17,58,0.4901279892687633
34237,83,70,0.4880436817034845
34261,77,9,0.5162813764968129
34291,35,87,0.5070508622661605
34322,12,58,0.4896160214200057
34360,41,90,0.4816577241349763
34379,94,27,0.5131119709419462
34391,62,10,0.5143696603778259
34404,28,40,0.5133970007594437
34406,14,51,0.5206464786490158
34457,7,13,0.48755466361421473
34466,61,10,0.48648500297166036
34499,95,36,0.47741528354252444
34545,99,68,0.504622994952857
34555,53,90,0.5194440379435518
34586,96,87,0.5097883226379772
34607,12,35,0.5099724447544975
34631,38,10,0.5227271864275387
34658,15,12,0.48334659209580527
34710,51,90,0.5218019184952613
34713,86,23,0.48684925429996434
34758,23,74,0.4984743784699993
34773,32,71,
34776,55,75,
34800,25,63,0.5214247778172844
34824,44,19,0.5131182892122464
34902,43,15,0.4821746490763503
34904,31,46,0.48638480442310866
35101,76,63,0.5081562181901693
35113,5,25,0.5118041754582017
35202,94,1,0.48293093651046237
35211,47,5,0.5226142312265413
35340,18,10,0.5150469082660182
35343,21,45,0.5226870355146945
35346,8,86,0.5118202261273272
35365,74,81,
35372,39,47,
35374,62,0,0.4829327607884071
35434,56,51,
35437,89,16,0.5074890602919339
35452,21,77,0.506777142688935
35473,29,85,0.488118490162445
35477,49,24,0.5176842795203799
35498,85,1,0.5085861990859354
35570,58,7,0.49399650611496265
35617,48,3,0.4822175812627386
35619,25,32,0.5178797350496747
35641,90,63,0.5214042337939633
35709,32,91,0.49066585293715936
35716,4,4,0.4974173174722351
35785,14,57,0.5084555698042749
35802,56,5,0.5118518322244318
35827,82,15,0.5218093951271596
35849,94,73,0.4831776359573719
35898,8,25,0.4789828154213088
35921,38,77,0.512111957438772
35938,55,94,0.520078049784173
35976,32,29,
36039,56,25,0.4926844044178013
36093,36,3,0.5051033889015866
36116,86,31,0.5125252281446295
36141,92,25,0.5205634770636712
36149,70,26,0.49527589329239907
36155,69,31,0.47799488757840575
36171,93,15,0.5227165481984175
36223,9,56,0.4772887241229674
36303,9,66,0.515821785309067
36306,7,90,0.5224493335968847
36310,44,72,
36411,58,90,0.48327420233694646
36435,30,18,
36483,74,14,0.5118994175207894
36594,34,68,
36596,43,82,
36670,4,71,0.505129231948176
36671,95,35,0.4965159732379467
36672,17,94,0.49603574140076206
36706,54,38,
36852,34,47,
36867,0,93,0.5075922727349104
36946,48,5,0.4848576782013269
36948,77,46,0.5219708783188548
36951,0,70,0.49475403668047174
36962,5,70,0.5224701261974393
36983,58,39,
37008,99,80,0.4775906076026911
37019,46,9,0.48193627696403185
37055,62,4,0.484045075232667
37075,75,70,0.4924202410939708
37096,57,37,
37146,87,38,0.5221631545597217
37232,11,19,0.515217592508078
37257,67,91,0.5105536914179546
37266,41,64,
37338,15,49,0.48016381779040246
37344,16,44,0.49879815526478594
37438,24,3,0.48425854912389077
37447,16,78,0.5223621955124642
37452,86,10,0.4843548751448199
37477,89,42,0.5127859246025916
37484,1,54,0.5016557225993935
37514,92,81,0.4906144920661187
37542,73,66,0.5127859246025916
37594,6,43,
37604,60,9,0.4772937509366498
37616,26,58,
37656,59,65,
37752,25,83,0.4775573522097355
37768,23,13,0.5171320430104454
37821,43,31,
37830,17,57,0.5130943628501606
37891,71,81,
37908,73,18,0.47893851352510736
37911,9,2,0.48100280006944
37930,47,60,
38004,44,1,0.5027094725223685
38077,20,78,0.5145011147402282
38082,36,33,
38124,30,51,
38187,74,67,0.5156935673283521
38228,95,50,0.5147821533159662
38229,64,0,0.5205623003723392
38235,97,31,0.522254037422311
38269,58,84,
38270,49,26,0.48638480442310866
38317,92,41,0.5111801899274652
38355,80,78,0.47730601040959647
38379,38,26,
38476,11,51,0.514973052570642
38486,95,57,0.4935336858599207
38506,80,50,0.47747814854934323
38509,52,65,
38549,19,14,0.5070051443818981
38558,8,39,
38569,35,43,0.5115576938157912
38582,85,72,0.47978287373380374
38586,44,25,
38612,1,78,0.5213346283245526
38659,71,67,0.5168887252401587
38739,32,39,0.4828016927676981
38743,95,95,0.4906441934145963
38759,43,64,
38761,17,7,0.5221737495637208
38777,29,76,0.5063183810414695
38781,10,20,0.5223434164705679
38816,80,2,0.5208684901331212
38825,93,75,0.509838662184753
38859,23,53,0.4855747694310752
38897,98,33,0.48855909238815054
38915,67,9,0.508001789190537
38977,90,25,0.4927954130005497
39002,79,31,0.4894365349042776
39060,91,75,0.4957840764085929
39070,54,61,
39080,39,12,0.5150249469624
39104,65,12,0.5137554982335846
39145,46,10,0.5165844425293672
39207,47,3,0.5035473665458952
39215,59,16,0.5117450957557501
39219,39,67,
39288,48,21,0.518244575927518
39363,37,84,0.4793701961171094
39389,80,34,0.495366738368013
39418,40,2,0.4871042095609085
39437,74,3,0.48089972269494097
39454,83,59,0.522254037422311
39487,63,0,0.5109523819582481
39507,75,73,0.48946002684700646
39527,42,76,
39545,78,80,
39613,70,87,
39712,66,14,0.49342887277000574
39730,53,25,0.5194757233173929
39764,55,98,0.47734413043818763
39812,74,44,0.5171196920179268
39813,61,69,
39817,30,2,0.4851897568550215
39926,13,95,0.5101443878368008
39965,82,78,0.48346856148341966
39987,18,61,0.4963713440855615
39998,39,58,
40043,44,36,
40047,56,93,0.522378099289635
40127,88,84,0.5168509568691284
40141,67,81,
40213,84,2,0.5088444260287244
40218,90,11,0.48240982794019815
40274,99,56,0.48388647403247503
40365,24,65,0.48564876890354036
40386,61,61,
40400,91,54,0.47984891031065824
40443,81,92,0.4906144920661187
40456,48,24,0.4833086634061075
40477,28,78,0.5200767551156671
40482,58,66,
40512,57,69,
40574,53,70,
40596,75,60,0.4774904079405042
40671,74,61,0.49212507819699647
40687,70,10,0.5219055048822056
40726,4,68,0.5163866525229218
40732,64,76,
40735,9,99,0.5091640592448198
40793,36,29,
40800,68,67,
40861,54,17,0.47976724559270817
40885,20,38,0.4974304939390287
40887,97,24,0.4799157521504803
40934,15,97,0.5215890326697452
40935,43,79,
40953,1,9,0.5175294951185998
40970,79,76,0.5225197086874306
41004,18,91,0.48234075071825244
41020,74,33,0.5106831594434624
41027,28,46,0.5109615803927758
41153,7,61,0.5138314750100467
41188,69,60,
41193,22,6,0.4801159954130868
41197,43,67,
41203,3,63,0.4960145232542983
41234,34,17,
41236,48,18,0.5203169075132673
41238,5,69,0.5214025611011569
41257,81,79,0.4872273393695456
41284,8,45,0.5225501045164113
41299,86,40,0.5222416182595775
41317,23,28,0.51149816641292
41353,79,89,
41382,18,44,0.4777421686632787
41390,0,48,0.5213827848610906
41426,89,63,0.5200242005002605
41443,12,74,0.5156355151894756
41446,59,79,
41457,46,61,
41461,34,85,0.5225737749351238
41470,66,66,
41481,73,76,
41494,27,95,0.49907966157840455
41512,30,66,
41513,45,10,0.5086306912519568
41574,28,84,0.49172478072352654
41579,52,25,0.5080291939887861
41613,62,50,
41661,18,11,0.4773553020344702
41766,18,32,0.5068836034203057
41778,74,98,0.5113811850397683
41782,76,73,0.49461166756435754
41788,11,35,0.5140583654395433
41820,37,54,
41830,32,8,0.4848358512084778
41835,76,67,0.5146093337196084
41895,74,90,0.5089786247509684
41912,14,68,0.5197498351643309
41916,32,19,
41938,9,19,0.5223004172102825
41954,23,64,0.4941351925542422
42004,98,67,0.5222360350044076
42018,81,45,0.48880394965766855
42065,7,84,0.5214433355057667
42072,80,87,0.480373564738611
42083,71,27,0.49813989813270987
42091,78,93,0.4891319757320257
42206,85,10,0.5168920530341935
42221,4,43,0.48627004060886564
42244,8,69,0.5042338537227303
42310,44,52,
42323,96,98,0.5186014140552864
42346,0,81,0.5146929751538637
42365,10,85,0.5168920530341935
42430,52,71,
42455,79,27,0.48863509340156414
42465,35,40,0.5181312564237442
42604,10,57,0.4991011946100356
42607,91,88,0.5162052385109651
42620,24,58,0.5110524686695781
42644,88,50,0.5014489898576161
42648,34,73,
42706,27,60,
42731,67,65,
42741,82,34,0.48068500404279585
42752,18,12,0.47827400479308185
42755,87,12,0.505738732286006
42807,75,68,0.5182128938416157
42809,9,62,0.48026194568874553
42823,18,56,0.4818431329379014
42831,2,64,0.5013982527420938
42861,0,87,0.5219796185952893
42903,38,2,0.47860825469549484
42906,58,40,
43049,98,43,0.49595415219001215
43051,95,85,0.5201175249138061
43056,34,65,
43104,56,56,
43129,23,68,0.48774903768703554
43143,3,44,0.5135256694949614
43146,81,66,0.49394535899884884
43152,32,90,0.5179175342182206
43156,46,85,
43157,46,38,
43200,59,62,
43221,83,12,0.4776878446359566
43232,1,19,0.5104713859934144
43257,58,82,
43264,83,4,0.47806083888422873
43279,26,69,0.49110928701008466
43292,77,12,0.5226480640614197
43351,40,84,
43352,89,40,0.4791251803537325
43353,62,66,
43383,79,16,0.5182287472983971
43395,3,10,0.47822007025988705
43403,94,65,0.5227033137613895
43428,96,78,0.5180768055333387
43442,8,60,0.47977202999790586
43456,52,15,0.5110616415126799
43523,35,88,0.48372441993290705
43537,58,68,
43538,88,9,0.5180395631836158
43613,4,91,0.4772785048547503
43625,57,2,0.4932381671514829
43671,2,42,0.4840734335366787
43825,52,77,
43903,4,94,0.5068330286627379
43905,70,6,0.5199722180326068
43942,20,33,0.47737719790305816
43949,14,86,0.5202641351381307
43957,19,80,0.4840714627148432
43964,99,31,0.4791136166050792
43970,61,26,0.5224451828208374
43972,4,7,0.5219660641582292
43982,9,55,0.4862933903805729
43992,27,8,0.4772797622670663
44025,66,50,
44039,72,20,0.4881684611850928
44105,0,89,0.48763476308743214
44145,88,65,0.49315170219364785
44196,94,99,0.47800946924281684
44295,47,4,0.47930712486211524
44388,40,70,
44414,40,85,
44503,0,82,0.5005613692475749
44513,22,79,0.48018732676195974
44516,14,49,0.4801082394218175
44620,68,33,
44710,29,70,
44811,57,63,
44823,37,83,0.5030180924509792
44843,60,82,
44864,18,29,0.48598554146800577
44899,0,55,0.4829258295063561
44921,38,55,
44924,51,40,
44998,0,97,0.4998193146086794
45007,57,52,
45126,55,42,
45129,44,11,0.4779178433427474
45134,27,65,
45162,23,29,0.5227148563012539
45184,16,92,0.47891471572196975
45219,30,77,0.48636357610126546
45238,16,13,0.5220959523071403
45239,25,49,0.47875099303315866
45283,33,69,
45299,71,62,0.5176891379405937
45349,58,30,0.5220065060806701
45368,36,32,
45398,15,8,0.4804791491044335
45430,21,34,0.5146034066243321
45475,87,65,0.47753146359902415
45527,47,34,
45546,75,74,0.5225077696073656
45558,52,6,0.501501925684922
45612,92,13,0.4790451768161295
45615,5,37,0.5152077396735845
45656,74,18,0.5192047066242095
45667,22,88,0.4814431545937813
45711,99,87,0.5212670013015004
45713,42,9,0.5187497292501692
45803,20,27,0.47906577185506294
45857,15,92,0.5189210318632713
45879,21,12,0.48425854912389077
45904,53,88,
45971,3,76,0.48986304221068216
45985,34,26,
46017,13,27,0.4818159160252306
46063,95,9,0.5227262477218301
46132,7,89,0.5176860147807545
46290,97,99,0.4866915473489257
46381,89,0,0.48763476308743214
46401,16,83,0.5126448604671585
46407,72,85,
46408,65,25,0.5191233153919314
46533,60,70,
46536,56,88,
46620,34,82,0.48068500404279585
46635,13,50,0.5227205761645018
46640,53,31,0.5138314750100467
46648,75,86,
46671,96,93,0.48037523639669516
46680,46,21,0.4906729072548609
46683,73,26,0.4984743784699993
46766,77,6,0.4851817946318949
46767,81,35,0.48354535840457286
46808,84,35,0.49819552697788
46848,68,3,0.4891853984586321
46863,70,63,0.5152532653138732
46901,24,98,0.5065330431026868
46902,7,69,0.5079396913158203
