,x,y,value
14,90,77,0.5164910836764625
105,77,92,0.4970627751452671
114,85,34,0.5166221686777752
157,46,60,
166,40,43,
207,18,55,0.48757051051523925
212,66,65,
215,75,72,0.5096838523925628
248,11,31,0.4840448582114456
268,1,72,0.48446250529298324
300,66,63,
349,44,29,
364,65,84,
377,3,41,0.48473475418511663
400,81,4,0.49867399776063015
415,76,29,0.5108750421254029
429,33,81,0.49363714314035606
436,22,46,0.48500757473437234
442,94,52,0.48408453152308206
454,11,97,0.502534501617111
470,17,36,0.5015199060758591
506,28,66,
515,64,61,
520,82,79,0.5163681772086739
523,21,64,0.49283748643384273
547,88,19,0.4993197203314522
549,6,80,0.5130932984116002
570,55,42,
581,53,84,
608,27,27,0.5162421335707632
610,72,33,0.5069899112308646
661,42,42,
688,68,16,0.48649015702074255
767,21,78,0.5024792400642977
773,91,21,0.4834152295209017
881,82,0,0.5166666437478604
914,81,67,0.5166518297538254
938,15,69,0.4916982014304422
958,39,96,0.5073046739686297
1013,24,61,0.4847376574655495
1016,65,87,0.5157475786733468
1067,97,74,0.5151096155020833
1070,42,27,
1123,98,8,0.5106050802156564
1141,49,68,
1146,17,68,0.5136881005474976
1167,25,58,0.4867023080120497
1172,86,42,0.5154217956995272
1248,71,22,0.4884662126628894
1257,73,50,0.48353251069855474
1285,42,32,
1286,58,1,0.5084195429421221
1291,31,93,0.48350204826525184
1295,27,43,0.484459890902866
1299,30,46,0.5109004351266139
1356,1,6,0.5083593278640355
1387,97,70,0.5104280950921859
1406,68,92,0.48764126940345215
1431,87,16,0.5108471149424946
1454,42,73,
1458,29,1,0.49469365536848486
1470,31,37,0.48533437524970424
1485,6,55,0.4970744394985168
1491,8,99,0.4969373323079204
1498,95,21,0.48517866095247025
1516,60,61,
1530,54,68,
1548,97,27,0.49123739195296273
1731,45,65,
1752,27,39,0.4922326874075358
1762,47,50,
1777,1,67,0.48837401405964886
1822,16,26,0.5165544087808674
1866,48,70,
1880,61,51,
1900,25,4,0.49162476338868505
1926,38,73,
1958,79,9,0.5153061323390351
1994,43,98,0.48354989740532656
2035,64,85,
2069,25,83,0.4834116246252535
2097,89,74,0.506234450949386
2116,41,27,
2126,90,92,0.5158663138721203
2131,64,18,0.5095673946157823
2220,23,15,0.5029546977467763
2355,14,43,
2376,78,69,0.4892229467851066
2394,96,36,0.5125371041147664
2438,3,64,0.5087631900727694
2459,45,29,
2514,41,26,
2542,27,59,
2670,35,83,0.4884534133923223
2725,59,4,0.5158677275188408
2751,19,88,0.4993197203314522
2768,39,52,
2792,93,57,0.5117123666824896
2811,79,21,0.5151861112631015
2833,90,75,0.48536101396291
2837,78,2,0.4864686285466651
2855,12,58,0.4834166673918564
2859,26,24,0.5166196856887024
2901,85,78,0.49607728201728996
2906,84,91,0.4957471520498651
2914,27,74,0.5018011958773643
2915,60,50,
2979,40,89,
3000,78,74,0.487216641078667
3087,68,84,
3105,11,28,0.513690353529284
3141,82,94,0.5058921272805602
3144,57,83,
3145,17,11,0.4838469934303379
3149,4,35,0.4842643093208148
3158,4,78,0.48462348769475694
3161,47,44,
3245,48,13,0.5022358334219488
3296,99,25,0.48435497006120315
3305,79,95,0.4917644036716205
3329,31,43,0.5141509180554159
3332,92,22,0.4862199091286443
3390,66,37,
3414,26,34,0.5063665196818482
3417,79,27,0.5077091022937249
3458,62,59,
3749,85,28,0.5161021141556514
3784,58,21,0.503301473521374
3792,42,19,0.515253358115054
3809,97,56,0.4957636593571141
3834,98,63,0.5104147736000905
3862,69,36,
3897,11,11,0.5062508992838842
3898,90,20,0.5166016496304295
3902,11,52,0.5109614802665374
3976,12,13,0.4847244814237601
4029,59,53,
4034,35,35,
4053,90,24,0.5154780104292722
4081,51,87,
4160,66,25,0.4931644546221784
4211,9,25,0.5114590631661279
4217,4,24,0.5141876105320337
4250,47,23,0.5154133028871596
4254,32,92,0.4954915113566059
4256,42,51,
4267,28,57,
4280,94,39,0.4883603511497355
4299,94,70,0.5102377498035542
4315,37,60,
4365,87,19,0.5058367340727951
4380,61,41,
4392,79,58,0.4838158904762935
4402,58,56,
4408,30,86,0.49940052768568965
4437,16,14,0.4835957064010959
4465,64,54,
4468,22,89,0.49358551538535467
4585,3,45,0.5002353697686592
4602,31,94,0.5110631319107586
4604,90,66,0.5079516802900617
4631,87,47,0.504573040618026
4656,70,57,0.48344100527271683
4802,75,76,
4862,10,68,0.4957426858705609
4874,35,73,
4877,35,48,
4944,6,44,0.49971337076974365
4952,38,23,
4964,89,93,0.48864064466427365
4969,71,24,0.4966444236276235
4983,28,85,0.5161021141556514
5005,56,17,0.5164927949577047
5010,82,2,0.4873116368472668
5037,84,19,0.48788903693305813
5065,9,6,0.4854963081780253
5072,69,3,0.49962529134762235
5096,49,4,0.4904116352341165
5129,5,17,0.5087223259242045
5135,77,72,0.4862225079333675
5149,35,67,
5176,30,55,
5207,50,45,
5246,46,76,
5392,35,9,0.5008267466794075
5404,58,0,0.48486910770272706
5416,71,73,
5423,13,54,0.5159625468068845
5478,90,72,0.48886476863291495
5485,17,18,0.4879852098792793
5502,93,36,0.4836494274102633
5555,6,51,0.4906812766695309
5584,54,95,0.5042185458468147
5587,47,26,0.49248098799020407
5640,87,14,0.49234633893150925
5648,6,70,0.507499661331207
5693,97,12,0.4833345931508179
5696,19,26,0.49369125869255787
5730,70,94,0.5102377498035542
5750,29,19,0.5081003480423415
5766,10,56,0.5078938449440472
5777,49,52,
5797,36,84,0.49286421484655185
5808,86,83,0.5068966782769093
5824,96,67,0.48955756309197074
5835,76,57,0.48915787908068226
5866,85,41,0.4913337710957704
5882,24,39,0.48986058870480875
5897,85,88,0.5152352819890742
5915,31,70,
5917,33,51,
5927,7,93,0.5060112445835618
5963,41,95,0.49246163757167405
5984,3,22,0.5166665195710409
5986,38,77,0.48946252260210515
6002,10,8,0.4889118188226157
6035,92,7,0.5024181224330734
6083,96,21,0.4851418500530042
6086,89,18,0.5067286685563241
6113,99,1,0.512238932745851
6126,77,38,0.48946252260210515
6184,94,63,0.48357086968730795
6207,22,16,0.4852754417588166
6210,50,95,0.4833335414063533
6216,54,12,0.5117804680934267
6272,5,84,0.5147347193199485
6295,44,50,
6318,76,90,0.4952868144908104
6320,88,3,0.5086026839116522
6346,27,19,0.4927609944554933
6348,30,4,0.4836523666715414
6427,62,27,0.5083877472682564
6474,92,43,0.5127448884196364
6539,85,51,0.48438141854189154
6558,82,84,0.48613760814094364
6559,71,25,0.4835931570116514
6592,3,56,0.5104373356260025
6628,20,88,0.4837083786303134
6654,72,87,
6657,57,30,0.5135009900403549
6663,88,37,0.5125660840445337
6778,73,33,0.489152389185405
6782,7,22,0.5116734887126808
6846,48,26,0.4880900408105678
6873,77,1,0.5136206181561378
6890,95,57,0.48394656831698385
6906,81,40,0.49293737883187344
6942,81,56,0.48418126176052984
7087,61,76,
7090,88,11,0.5166239735633505
7118,4,55,0.5036178902989018
7128,25,74,0.508940327577691
7166,12,92,0.48354915581267843
7187,30,87,0.48337736598552183
7217,68,77,
7228,0,27,0.5103798240949399
7240,0,7,0.5166610765448632
7285,97,97,0.48939389923008814
7287,93,91,0.48333428400596806
7290,99,54,0.5158474948444718
7353,82,99,0.5023166059663495
7395,54,2,0.4847215912070011
7408,34,76,0.5101274121998376
7410,68,51,
7495,48,46,
7515,98,78,0.5046601985965669
7517,58,45,
7555,22,94,0.48471109821379604
7561,88,48,0.5156805540722382
7608,92,80,0.4867217438910629
7615,11,20,0.4959815145526515
7625,61,49,
7677,80,89,0.49438740765539463
7728,9,72,0.5061892899278954
7734,80,47,0.515025877493728
7754,4,4,0.5097410283067701
7811,92,78,0.5042115510645474
7820,50,98,0.5147035682270719
7832,84,44,0.49165377666703314
7855,30,20,
7882,89,50,0.4849981129168651
7885,64,12,0.4857356745222271
7911,35,37,
7960,94,31,0.5110631319107586
7967,23,6,0.516424696467214
7970,27,83,0.48583383754839576
7972,94,61,0.48404999522407977
7974,45,73,
8030,10,25,0.4836368125096756
8090,92,13,0.48678438599964174
8117,19,22,0.5139511721630663
8211,63,10,0.49008957865833686
8220,57,37,
8223,51,26,0.4895801179949999
8251,44,67,
8265,84,35,0.4945610871081352
8295,50,65,
8353,6,63,0.5095700802751462
8360,76,98,0.48831291401842336
8384,21,17,0.48402898125956856
8450,1,68,0.5049001720634719
8532,39,34,
8561,65,81,
8579,80,26,0.5138944303852102
8606,41,5,0.5165818947288618
8607,56,64,
8615,48,23,0.4893013813634055
8629,62,79,
8653,88,47,0.5006500578731934
8656,54,32,0.4896114439873369
8666,44,25,
8785,80,74,0.5166590259882051
8810,90,83,0.5166625632284301
8826,38,22,
8896,33,29,
8907,63,26,0.5106562251209009
8954,54,75,
8971,14,53,0.4950433093054213
8977,46,50,
9002,30,49,
9073,2,20,0.5120960646663041
9077,67,67,
9087,20,72,0.48571125337233445
9290,29,56,
9294,92,44,0.51619892878452
9299,73,19,0.510019522934596
9351,62,28,0.516650871317229
9434,86,71,0.5080848398551021
9494,97,1,0.5096479684041495
9501,12,55,0.5068858895249271
9503,24,50,0.49240890676227983
9560,84,14,0.5106617830951535
9583,38,10,0.4955016303446269
9590,25,76,0.5035061283422707
9631,55,43,
9642,13,43,
9646,37,61,
9656,42,3,0.5164309075822462
9770,43,63,
9788,65,5,0.4877058804386188
9800,8,69,0.48507570952035756
9825,67,78,
9843,71,95,0.5130566005161671
9892,73,66,0.4961847202554437
9909,28,99,0.4839692053097019
9913,8,25,0.5165696263472052
9938,3,93,0.4931806375914674
9943,92,40,0.4833427508192892
9971,95,14,0.49052596977254476
9976,52,2,0.5163257786861436
9993,10,13,0.4944642487459406
10028,65,38,
10074,23,58,0.494360185991328
10087,45,17,0.5115257270589235
10095,63,4,0.503578083308178
10108,92,21,0.4989717469560157
10111,52,93,0.5089503253594285
10141,49,86,
10210,45,33,
10226,46,98,0.5125613334913726
10284,31,84,0.49825373085603397
10285,14,21,0.5157296269590248
10324,5,97,0.4835184747138535
10331,63,97,0.48361342096638155
10333,41,19,0.48357409004873236
10342,6,1,0.5083593278640355
10356,10,69,0.5154889599738218
10457,22,9,0.516424696467214
10472,62,70,
10508,27,96,0.4836494274102633
10561,94,35,0.495258440895299
10583,60,11,0.4898637236899654
10660,26,7,0.4836368125096756
10736,30,75,0.5024792400642977
10808,77,17,0.5166449653830285
10885,87,84,0.4998389442024148
10924,64,49,
10934,20,34,0.4839733510237162
11053,13,83,0.4902259330536417
11072,39,16,0.4893266051864996
11073,49,41,
11077,74,10,0.5062545604833188
11154,60,8,0.48823257404887077
11178,54,89,
11188,72,13,0.49612459916562346
11197,33,82,0.5164607597743646
11214,84,83,0.5126623390116499
11238,98,16,0.49856852409541474
11244,71,94,0.49472793578168167
11266,95,95,0.516468820379575
11278,23,43,0.5150702518573028
11302,18,44,0.48948852838578333
11337,25,6,0.4978189199600017
11360,99,55,0.5166503512487203
11364,14,63,0.49015206592336413
11384,7,42,
11386,48,51,
11391,6,12,0.5067316693518067
11481,14,40,
11487,78,45,0.4896954666224046
11518,4,64,0.5165814963901898
11527,86,96,0.4947048891862523
11598,92,69,0.5096238260701506
11625,68,67,
11632,66,68,
11674,56,56,
11712,19,1,0.5062679609564879
11718,77,19,0.5162745279247452
11796,33,16,
11863,71,43,0.5146967543923154
11905,59,50,
11922,9,8,0.4954592324125456
11928,95,73,0.5166664266170055
11952,85,54,0.4840715119574954
11958,39,51,
11988,48,7,0.5098924482052821
12013,33,22,
12025,8,50,0.5143359242426023
12032,47,24,0.5166341071355462
12038,18,88,0.5077638303042383
12040,22,78,0.5129073632109299
12060,50,64,
12096,30,53,
12102,51,33,
12104,71,86,
12162,29,91,0.4992021506657398
12251,50,4,0.4846561457790775
12257,81,44,0.5027623198152702
12280,35,25,
12399,87,32,0.4834857571714245
12478,5,11,0.5128932062750822
12502,52,22,0.4834988898141867
12599,9,78,0.48949107408102027
12664,15,8,0.5009442658921092
12703,19,15,0.4833485179097279
12761,17,97,0.515979274985405
12798,83,69,0.5131022401984444
12820,29,39,0.4834721455362963
12829,77,12,0.4842163915268678
12845,55,22,0.5126546312263067
12878,3,28,0.5156565724335945
12899,42,12,0.48410338410728115
12903,16,36,0.5151539779953899
12931,3,78,0.48749458652592986
13000,66,89,0.49161793477261007
13055,49,77,
13062,73,30,0.48440101570120137
13105,80,7,0.5110444442439874
13136,53,31,0.5129629167379364
13143,24,3,0.5140686857876733
13256,45,87,
13287,79,0,0.49682882544084556
13292,89,38,0.4955225186337755
13311,72,10,0.48362237549575837
13420,91,64,0.516543888459302
13444,2,91,0.4938962808229848
13449,87,99,0.512548345165584
13541,38,2,0.5166598768844504
13586,44,53,
13592,14,48,0.5126044413556806
13625,34,18,
13660,6,57,0.48553076713628385
13686,57,78,
13735,36,66,
13793,46,84,
13799,91,48,0.4839692053097019
13826,53,36,
13902,46,73,
13918,55,49,
13931,16,37,0.4892731759392614
13970,30,62,
13984,88,28,0.4974954214861981
14028,90,53,0.5086443306549755
14079,91,73,0.5155363200838116
14099,5,56,0.48607696041576276
14113,0,83,0.4834481309163191
14136,39,12,0.483388071016724
14143,0,43,0.49159295162061467
14166,63,96,0.4970990246321498
14183,33,27,
14193,90,8,0.48361078741316227
14202,71,93,0.4938076771061466
14212,56,14,0.4836381874333561
14266,39,95,0.5072319018496901
14319,40,98,0.5140095187203412
14356,63,94,0.48357086968730795
14370,8,59,0.4864882364016425
14374,41,81,
14389,80,49,0.4917238713977161
14396,54,55,
14476,98,14,0.5148519098671328
14488,62,80,
14489,14,59,0.4875433877219955
14508,27,2,0.5005843651426924
14602,57,46,
14670,45,69,
14716,57,82,
14746,35,89,0.4855037677006008
14773,70,21,0.4841619133726852
14783,26,2,0.48723353783424506
14893,72,6,0.4918801311352975
14976,60,2,0.5065193219370323
15070,69,15,0.4916982014304422
15109,73,84,
15120,20,33,0.48370133679195915
15131,65,32,0.48935794870793586
15134,4,93,0.4833413288646045
15156,41,30,
15265,97,94,0.4892078900536088
15279,88,55,0.4971715659012657
15318,30,41,0.5019109644602515
15350,72,8,0.5160643531481318
15363,11,2,0.48963459796525305
15371,72,27,0.5158900982983377
15376,22,88,0.4919353179908374
15380,15,11,0.49877692136957485
15447,52,33,
15469,49,81,
15512,43,30,
15548,36,16,
15579,54,8,0.4880900408105678
15594,69,26,0.5096635192727071
15595,41,65,
15638,43,96,0.5157200430978258
15674,23,47,0.5154133028871596
15679,38,13,0.483515264822094
15714,82,75,0.4941183440935276
15747,63,55,
15760,15,77,0.5044667243128769
15762,5,6,0.5090951447269247
15815,20,32,0.49205757040454523
15867,76,66,0.5145664314924795
15875,92,52,0.48528901201970887
15908,63,82,
15920,46,89,
15924,34,27,
15949,4,33,0.49746226893372003
15952,20,57,0.49219374210697414
15970,8,65,0.4910131243602904
15986,18,60,0.5058847373479312
15993,29,35,0.5099310360042388
16011,74,91,0.4927781844707178
16063,28,50,0.5071429355651595
16099,23,85,0.5011024203128978
16100,67,45,
16120,64,33,0.48446250529298324
16121,86,60,0.5013738551187639
16144,34,97,0.48344952339413527
16182,91,32,0.48343966479753153
16185,28,31,0.4988208552542859
16277,58,49,
16358,12,29,0.4903547189139898
16417,55,50,
16418,36,2,0.4911558799959245
16458,71,75,
16497,41,28,
16503,51,42,
16548,1,98,0.4838158904762935
16595,71,67,0.502534501617111
16610,0,9,0.5137715876883718
16612,57,11,0.5097974889777926
16629,12,36,
16722,9,18,0.48352073025923287
16727,78,29,0.516332494206668
16746,24,72,0.48878089745780745
16747,4,96,0.5141627176898842
16768,91,65,0.5166060962351458
16811,15,1,0.4893069259987496
16833,0,42,0.48660973930651447
16852,86,53,0.4903011829918758
16859,3,87,0.49627503295762504
16869,42,59,
16896,5,86,0.5166458610798778
16913,80,44,0.5114160195885226
16936,9,88,0.5108471149424946
17010,10,60,0.5127071076752594
17041,52,41,
17045,90,74,0.49003417314373254
17066,26,4,0.5024395803134459
17112,49,83,
17131,17,0,0.5009442658921092
17156,47,92,0.5165231723475476
17213,86,64,0.5054494916105325
17223,81,76,0.5102029554646951
17273,34,81,0.49261271534049855
17311,34,52,
17326,21,63,0.5120607308949103
17333,85,43,0.48706524956208574
17399,4,8,0.4833342154321448
17414,94,33,0.48366621242179403
17416,33,48,
17428,86,34,0.5158346144671286
17456,77,42,0.49000099013271275
17536,0,88,0.5043462541464799
17553,19,73,0.510019522934596
17573,61,14,0.48854906980438395
17591,3,52,0.5165769908689628
17626,14,9,0.5146690706466832
17638,35,79,0.5111323047271649
17662,84,42,0.516648003577844
17697,38,32,
17706,24,84,0.5156554475748382
17735,62,68,
17819,67,63,
17820,4,21,0.4833851301372415
17888,34,91,0.4982419474482587
17943,12,31,0.49746226893372003
18001,68,9,0.5158789516547987
18069,70,50,0.4835551019089345
18085,98,34,0.5138110926547835
18106,52,65,
18107,94,22,0.48471109821379604
18112,13,68,0.4835539279832171
18144,60,77,
18149,59,23,0.51086956244666
18184,61,30,0.5066274673654128
18240,2,72,0.5019181464108374
18310,76,13,0.515832357152095
18325,49,32,
18355,98,28,0.5118250388475505
18386,53,78,
18455,70,5,0.499070183331246
18489,26,56,
18536,69,2,0.5012709546706932
18537,51,82,
18549,50,7,0.511227379834472
18587,64,70,
18589,37,22,
18669,94,50,0.49422615475867027
18673,35,81,0.5106142183581434
18687,27,49,0.5137778813070468
18690,87,9,0.49363714314035606
18767,67,32,0.5042070815546738
18785,93,40,0.5142244039277435
18802,66,56,
18807,87,89,0.5164151136312202
18829,16,47,0.5166628221596468
18835,58,83,
18850,23,55,0.5163951656347617
18898,37,20,
18963,83,7,0.49761898765183954
18972,44,16,0.5156716192863566
18984,69,73,
19041,66,55,
19052,9,86,0.48483974280263764
19072,35,84,0.4945610871081352
19087,1,88,0.4872356467227089
19132,83,9,0.5077091022937249
19136,29,68,
19146,28,5,0.4868544044993186
19184,61,3,0.5165643854645036
19194,19,50,0.49011920508892376
19195,8,11,0.5082029963421051
19239,12,64,0.4857356745222271
19278,78,7,0.49903342435038106
19281,25,80,0.49050543738180374
19289,67,24,0.50695647010262
19332,6,14,0.503095641319101
19366,24,36,0.5154257781889919
19382,22,83,0.48946252260210515
19422,12,11,0.5144233427183119
19428,87,83,0.5149093432003429
19430,15,46,0.516607710543212
19479,19,61,0.5128111618900069
19484,97,39,0.488535214513274
19597,70,74,
19730,19,91,0.5018201618311241
19764,43,79,
19779,93,37,0.5161601190022173
19847,83,71,0.5025734650915564
19966,49,79,
20011,81,98,0.513757508442549
20079,0,33,0.49735705717039785
20123,57,44,
20136,39,98,0.5007722511472033
20191,85,4,0.4851086344412293
20229,94,15,0.5097533004433532
20275,19,16,0.5166383160249324
20371,59,71,
20412,97,90,0.514748211972796
20418,79,15,0.5166207644456072
20510,38,47,
20543,56,86,
20599,23,65,0.5054730825877635
20702,94,60,0.5016985405110768
20709,81,6,0.505173414192066
20731,91,82,0.4842560985284118
20741,85,76,0.4839492158438775
20745,90,68,0.5115702795187111
20841,11,79,0.5154549880277418
20878,60,14,0.4859253359272958
20896,18,21,0.49073913481168363
20900,21,92,0.4989717469560157
20925,89,58,0.499569410186331
20934,81,2,0.5134576813266388
20994,96,55,0.5095496266710214
20998,10,92,0.5038645393605785
21013,10,37,
21034,89,48,0.4858300299932614
21054,85,9,0.48861563648723483
21055,7,7,0.5008635179286877
21128,36,18,
21155,14,22,0.48723353783424506
21164,76,9,0.48357912697696787
21215,75,50,0.5057843436303058
21260,86,29,0.5161085399551608
21269,17,5,0.5087223259242045
21288,77,79,
21300,64,16,0.4988280670588133
21331,59,59,
21339,41,51,
21367,19,99,0.5166058736578595
21380,57,54,
21399,71,89,0.5071654876775061
21426,45,6,0.5112030659869632
21427,79,64,0.4846646270270558
21442,49,62,
21468,64,47,
21501,71,90,0.5165799619486723
21517,26,47,0.49248098799020407
21542,22,12,0.485135002021649
21566,21,61,0.5105288260130727
21598,48,99,0.4924223786983371
21603,48,19,0.4887833233543757
21622,45,58,
21628,66,80,
21685,72,77,
21702,8,64,0.4915266265839671
21764,21,55,0.4842140709131378
21783,26,78,0.483388336948777
21805,46,49,
21828,65,91,0.5166060962351458
21851,33,30,
21857,84,63,0.5149938702922341
21963,44,12,0.5043919275299569
21965,66,12,0.4862555162142062
22166,76,34,0.5101274121998376
22225,71,45,0.5118166857790576
22228,42,81,
22237,73,85,
22248,16,22,0.4852754417588166
22249,43,43,
22254,90,99,0.5160304407449876
22263,94,82,0.5058921272805602
22272,80,38,0.48350037075730484
22301,59,28,0.4915294513237174
22319,49,14,0.5032653764616067
22391,27,57,
22409,60,20,0.5081772265514286
22447,36,52,
22453,45,74,
22470,91,33,0.49712816633434453
22482,80,54,0.5159325536315489
22539,37,87,0.48464742990998344
22559,47,61,
22585,73,21,0.48657927073466
22626,86,57,0.4982053385548034
22630,1,55,0.5082127261818579
22652,66,38,
22788,82,76,0.48481227421129175
22825,20,74,0.5112249554193955
22830,73,83,
22864,35,36,
22873,41,77,
22895,33,50,
22916,0,92,0.48357789146161234
22918,42,92,0.48793655594424146
22969,22,54,0.5156590496263662
23010,60,34,0.48712765977609496
23036,44,11,0.483466032298062
23066,75,91,0.48715862874045035
23069,7,40,
23077,13,5,0.4838515384318432
23081,75,69,0.49307762652648146
23085,9,9,0.4844866557531561
23101,17,46,0.5065900410915236
23103,14,74,0.512890703057593
23138,89,20,0.507370790445498
23183,42,28,
23254,68,65,
23262,31,25,
23335,8,46,0.5130410667086431
23392,9,56,0.5081422622287606
23405,26,28,0.5091320244146941
23433,98,95,0.48429268730912595
23444,10,88,0.48350037075730484
23467,69,42,
23485,76,73,0.5071233329935472
23494,70,26,0.5062545604833188
23501,92,26,0.5166663416200096
23503,76,63,0.5136035446035639
23580,87,30,0.48337736598552183
23618,71,64,0.5041001110166231
23666,61,21,0.5105288260130727
23697,18,29,0.5143134080619928
23708,16,43,0.5114910085829285
23722,56,34,0.4841515022334192
23734,41,11,0.49667341180589825
23754,69,67,
23802,15,6,0.4836101917162234
23806,16,0,0.4839885966987009
23838,22,79,0.48634349550780814
23840,50,27,0.5166527308527838
23851,98,5,0.5108561083280508
23863,98,94,0.4998685318706135
23880,99,67,0.505366161245671
23901,92,96,0.5106839949191724
23930,96,92,0.5106839949191724
24016,97,73,0.5058391792359229
24035,60,92,0.5047661456164961
24058,95,96,0.5164562031550404
24060,56,0,0.48339766760588704
24077,30,70,
24125,3,68,0.5164980592237358
24136,63,61,
24225,78,13,0.5122768063186944
24232,8,16,0.49931644295757177
24254,47,52,
24260,86,0,0.5142602507288508
24324,80,11,0.5088257411926412
24333,17,8,0.4845163972859156
24353,11,42,
24426,23,87,0.5146793543499977
24545,42,34,
24573,57,20,0.49219374210697414
24588,11,39,
24589,93,6,0.4848244834907967
24605,18,20,0.5116156333329896
24619,33,88,0.5017397573502643
24633,44,32,
24642,88,24,0.48540682287620573
24644,48,73,
24653,97,28,0.4833739017352207
24707,12,62,0.51665432250859
24717,95,19,0.5077743132814656
24727,81,35,0.5106142183581434
24755,67,50,
24760,87,25,0.4881001603092634
24772,37,38,
24779,10,20,0.5073513311038358
24834,73,32,0.48479904212687036
24883,54,97,0.5165704757067787
24893,3,65,0.5082447443359034
24910,59,97,0.5045755509223222
24933,37,93,0.5161601190022173
24956,39,17,0.5156158351350524
24972,90,23,0.516643981025519
24993,78,92,0.5042115510645474
25024,6,88,0.4970052010567675
25035,2,95,0.5000151354251857
25048,8,81,0.5141665276637302
25117,49,44,
25153,23,90,0.516643981025519
25161,88,10,0.48350037075730484
25174,3,92,0.5134211387450338
25250,71,13,0.4891803683429772
25253,44,97,0.5152797315923147
25392,27,67,
25469,29,29,0.4910192139315943
25505,39,29,
25512,38,72,
25539,32,84,0.49150398222568725
25614,37,31,
25640,4,80,0.5081129819408219
25695,13,25,0.49042078156136915
25714,67,83,
25720,7,12,0.5156068567041726
25728,70,37,0.4848550760996014
25766,96,18,0.4992507658933392
25787,28,91,0.501369251527307
25791,59,91,0.5159680233199907
25794,58,7,0.5065936687287408
25802,36,83,0.5166588854292608
25803,90,88,0.4934564861716716
25819,1,10,0.5163243223757458
25834,34,80,0.48556581380081515
25844,1,12,0.4954592324125456
25896,54,15,0.48362298404006276
25916,39,69,
25962,23,8,0.49335928034941007
26008,55,72,
26012,5,52,0.48475408256882185
26017,94,57,0.49872251676237805
26032,67,11,0.5000328751480625
26097,52,29,0.4864882364016425
26173,56,22,0.4890856578651518
26184,74,35,0.4976365467782167
26259,77,74,0.5119076768719402
26305,49,65,
26398,47,55,
26412,56,74,
26426,93,61,0.5090493775203827
26427,94,59,0.5043417945485175
26443,74,89,
26451,8,60,0.48823257404887077
26484,57,41,
26562,39,27,
26569,63,54,
26583,64,0,0.48370284920414747
26672,87,52,0.5013325540558834
26680,38,68,
26696,45,3,0.5002353697686592
26742,78,18,0.48687909250190287
26746,71,36,0.5165651836718846
26764,61,83,
26765,60,54,
26771,60,28,0.48933215896129206
26787,63,22,0.48395241123398625
26798,40,39,
26843,78,28,0.5157634497431274
26876,93,78,0.5042706577130228
26888,54,11,0.48667777103670656
26920,65,14,0.48434840326370193
26951,44,70,
27018,47,53,
27107,41,93,0.4991653762323683
27128,69,61,
27182,50,9,0.5019109644602515
27187,31,17,
27253,31,59,
27257,65,92,0.5012591397828713
27284,25,99,0.48435497006120315
27354,32,80,0.5050025088737177
27361,23,23,0.5029003284908927
27368,87,39,0.5090824630947107
27384,83,66,0.4878556539462783
27396,13,98,0.5061318778141879
27470,75,54,0.4834063064779019
27591,54,37,
27596,92,75,0.5084297667807741
27607,20,23,0.5023048713315023
27625,18,2,0.48344348066115506
27665,47,19,0.4916344307189749
27715,35,85,0.50790657690351
27750,40,32,
27840,61,10,0.49184169227922175
27975,95,86,0.49478162846148016
28086,54,85,
28112,58,52,
28176,42,44,
28272,3,55,0.4869499467210718
28276,69,74,
28328,90,67,0.4842320900756987
28449,66,26,0.5119814876293375
28467,35,4,0.4842643093208148
28496,44,36,
28501,7,6,0.4834323799830929
28560,10,26,0.5140251632296307
28567,47,85,
28568,15,15,0.4915549471191654
28569,59,75,
28579,2,15,0.48493284972874234
28630,40,83,
28664,82,25,0.5162783442377749
28714,6,11,0.4839613175937989
28752,69,29,0.49202175276164617
28754,88,7,0.5161972264600025
28767,0,37,0.509276177783354
28781,76,97,0.5166114089495448
28831,65,9,0.5057331455582079
28879,26,97,0.5163983453378072
28907,26,65,
28940,61,86,0.516566485127856
28966,41,37,
28995,74,4,0.4924745364341665
28998,75,83,
29001,30,80,0.5039974449757118
29012,65,73,
29052,18,43,0.49636800870135594
29101,65,46,
29112,73,25,0.48528222135027854
29128,17,70,0.5078909559109434
29186,5,14,0.49062031634539854
29192,79,83,
29300,25,10,0.4836368125096756
29393,24,14,0.4834886977466054
29409,83,88,0.48351160406471405
29410,77,71,0.5005324465151834
29452,37,14,0.5077934919309994
29460,92,49,0.485158566665709
29468,57,34,0.5131367142366657
29495,88,72,0.5125855015660673
29561,7,76,0.4850090078678859
29582,52,94,0.48408453152308206
29610,41,85,
29698,78,43,0.48636463455823364
29714,80,21,0.5082384603287554
29734,81,45,0.4907571755631244
29740,61,73,
29747,48,31,
29786,11,94,0.5027740043096518
29809,80,50,0.5006178818176963
29819,0,80,0.48780848955617184
29839,95,76,0.5046368629161908
29913,87,85,0.4876298230623788
29918,41,13,0.5151248363503345
29941,24,30,0.4955903289884316
29964,24,24,0.4922944121734361
29967,59,31,0.5165093388085502
29976,37,15,0.5109252783506014
29985,65,36,
30009,9,69,0.4968720802060328
30023,84,38,0.5166016496304295
30026,50,86,
30057,30,68,
30142,55,32,0.4856940175219596
30173,83,99,0.49966471156651937
30196,51,67,
30197,73,94,0.5056113438783747
30209,96,80,0.501946870590495
30220,94,76,0.51662938847344
30277,62,32,0.501237511275651
30327,19,95,0.5077743132814656
30331,75,13,0.5148751085340052
30337,17,50,0.4880336118530321
30354,60,95,0.516161886390541
30382,76,22,0.5155051699588832
30402,87,81,0.4943113302492648
30409,46,42,
30548,19,12,0.5087911317803422
30555,91,37,0.4867130097743177
30599,6,92,0.5166016496304295
30604,86,68,0.5155811024775668
30662,26,63,
30676,10,31,0.5166134220314091
30710,7,39,
30728,51,80,
30746,32,89,0.4874538263121504
30782,37,48,
30881,10,75,0.4992212081910322
30886,8,35,0.5137508164613575
30980,99,99,0.4954725023529691
30995,99,86,0.5105007789147368
30996,13,73,0.49931249661029087
30997,50,28,0.5071429355651595
31003,95,20,0.5131971681703001
31033,60,32,0.48687261439479024
31045,40,45,
31046,57,88,
31116,65,88,0.48333565921453003
31117,53,16,0.512886119103957
31172,82,49,0.5159086300493517
31179,72,56,0.48540682287620573
31192,93,94,0.5002728535951824
31231,49,19,0.4987034948512101
31333,25,81,0.4996989133966053
31340,33,61,
31346,55,94,0.5160798410564613
31351,98,24,0.4978886912517455
31426,16,82,0.5046576921142937
31594,71,98,0.4934341443291788
31601,13,57,0.5050513990245366
31632,0,4,0.4948822480691458
31646,76,91,0.498436913484109
31679,28,90,0.5045262213247803
31680,55,9,0.48541381313481974
31728,18,28,0.5153004044943568
31760,0,38,0.48702801211746544
31782,77,18,0.5122768063186944
31799,91,66,0.5049981024074729
31810,69,70,
31813,89,5,0.48965159123794677
31876,36,0,0.4975422226230132
31891,63,39,
31922,88,53,0.4896572595582593
31946,82,31,0.4852739053713995
31958,25,48,0.5153823549724246
31966,61,85,0.5146254730892665
31968,22,22,0.4833424009726698
31977,0,29,0.49532149904955314
31979,13,77,0.4886425551024693
31999,31,11,
32006,34,26,
32019,5,7,0.5144636937597005
32055,77,13,0.4886425551024693
32116,32,2,0.49323467778011293
32118,93,98,0.5108690548577722
32134,12,37,
32138,11,74,0.4906170517722641
32172,8,17,0.4845163972859156
32176,50,5,0.5059259280951314
32187,71,82,
32190,69,8,0.48507570952035756
32199,36,60,
32207,89,95,0.5159150833946652
32210,71,17,0.5165926572966095
32283,83,30,0.4902413931472169
32322,39,23,
32326,93,70,0.4836885363935082
32336,73,90,0.5140926108163139
32343,97,16,0.4902317900437135
32384,63,70,
32407,5,20,0.48575100055702475
32436,58,55,
32466,85,58,0.509221490715378
32474,45,47,
32478,77,16,0.49528238396455787
32496,42,77,
32511,98,44,0.48408453152308206
32521,63,3,0.5162041741226636
32526,86,33,0.5154478362622315
32537,92,90,0.5158663138721203
32571,65,20,0.5049001720634719
32609,19,85,0.48337339919845407
32612,30,12,
32625,49,15,0.5140626886988919
32670,61,12,0.48609941111380495
32686,76,84,
32687,46,14,0.4926982869453705
32751,50,84,
32764,46,20,0.4846561457790775
32787,3,88,0.5086026839116522
32804,20,1,0.5141450086864234
32845,23,38,0.49070854588658996
32855,49,51,
32881,46,34,
32928,16,60,0.5029870402746727
32963,23,88,0.48359188694776767
33011,11,54,0.48667777103670656
33070,43,8,0.4836869160709671
33077,80,30,0.5039974449757118
33140,53,64,
33170,91,20,0.5160123261651723
33179,62,78,
33196,70,29,0.49562901148070215
33199,28,56,
33259,91,13,0.50790657690351
33307,17,17,0.4981145202985979
33361,88,30,0.5161719575525341
33371,14,51,0.5096002007454898
33394,33,87,0.4931806375914674
33427,54,60,
33448,71,88,
33462,5,80,0.4838773883091156
33518,73,68,0.5006500578731934
33581,17,45,0.5115257270589235
33590,95,9,0.4956474254093056
33606,19,42,0.515253358115054
33621,31,67,
33633,76,47,0.48889563523467894
33668,60,73,
33713,65,18,0.5090675837069628
33747,69,68,
33758,48,29,
33821,32,44,0.4845190740495122
33844,36,77,0.5164703292610398
33871,0,87,0.49085533580096785
33886,0,90,0.4976801582721024
33943,71,78,
33960,8,6,0.4846850458157272
33986,72,76,
34012,20,44,0.5166648791453105
34018,11,0,0.5163596929263399
34034,31,77,0.5146967543923154
34063,20,30,0.4911558799959245
34147,10,57,0.48757051051523925
34151,1,27,0.48402898125956856
34186,56,97,0.4957636593571141
34239,43,64,
34260,59,44,
34318,69,20,0.5123926407245551
34340,83,85,0.5006034319056419
34362,15,96,0.49056605014771276
34376,13,49,0.4916344307189749
34382,66,70,
34452,7,85,0.4978769381754635
34453,93,99,0.49659873331383375
34458,71,41,0.505802232827809
34481,24,99,0.4938510203123575
34497,54,44,
34526,42,88,
34610,40,44,
34613,85,26,0.4833344519942541
34653,38,58,
34677,98,41,0.499569410186331
34765,13,51,0.5162127480782258
34802,59,6,0.5126811240145787
34835,15,13,0.5141118771397077
34838,43,92,0.5127448884196364
34876,9,28,0.5163864692589656
34937,14,42,
35028,24,54,0.5162932983598619
35043,18,38,0.5166263391241476
35070,3,42,0.5164309075822462
35078,89,72,0.4836183675311598
35140,44,99,0.5163227276814334
35210,82,60,0.49260623520269614
35306,51,71,
35311,1,7,0.48608310856948167
35341,17,3,0.4873381088445021
35418,1,66,0.5004739651639416
35432,88,31,0.48864784743369516
35442,44,13,0.5114910085829285
35458,7,80,0.5110444442439874
35468,34,53,
35530,91,70,0.5128702688881002
35562,26,92,0.5166663416200096
35583,87,95,0.5160095931344344
35655,17,44,0.5001545083240241
35719,45,98,0.485014189739517
35732,74,60,0.5053798488722228
35744,61,90,0.5081961190599396
35758,1,41,0.4910192139315943
35787,35,96,0.4833590038253566
35859,17,2,0.4884690641535426
35942,94,40,0.48353139787609645
35993,12,82,0.5157634497431274
36025,93,80,0.5066009228921791
36138,69,93,0.4849252750506892
36143,10,58,0.4995477283651751
36176,31,38,0.5065900410915236
36231,59,11,0.4878687285378783
36276,63,58,
36277,63,89,0.49010702540743434
36347,27,94,0.49144467797803937
36401,12,74,0.5149520009391828
36429,89,10,0.5120983209723946
36448,20,64,0.504320850341261
36458,55,8,0.4847524872899696
36484,0,13,0.4877383390368738
36510,97,17,0.515979274985405
36530,34,64,
36559,67,20,0.5023087830061459
36563,68,53,
36572,11,69,0.4861646855391898
36582,48,44,
36590,40,1,0.4934571019827835
36606,75,65,0.5018567557617696
36611,0,98,0.515554809153253
36619,5,65,0.4877058804386188
36639,65,94,0.4981321472212633
36652,44,82,
36675,76,6,0.4918709544838747
36691,79,20,0.48382187358608386
36730,48,18,0.4964790949423168
36768,44,23,0.5166628221596468
36788,11,46,0.5142775818213067
36800,31,86,0.49141310123074416
36905,66,23,0.48751895666893214
36921,76,85,
36932,18,92,0.5139694926814128
36973,12,51,0.5124417587272964
36992,0,40,0.49660515575809505
37067,57,50,
37111,63,34,0.4885758502941641
37144,65,86,0.5048763006157696
37159,90,89,0.5160753428055259
37171,18,3,0.4833355292764746
37185,37,39,
37208,44,5,0.5069194020023001
37227,34,2,0.5134012262344891
37361,87,31,0.5145900195210318
37417,16,5,0.4837090708757471
37428,68,57,
37488,92,9,0.5116000693206156
37497,58,27,0.4925138651876692
37564,95,98,0.48429268730912595
37579,7,34,0.5161375191415095
37590,18,7,0.4880849844224265
37599,0,74,0.5117282633419025
37618,13,89,0.4944847115111161
37631,6,82,0.483388336948777
37643,78,91,0.4847572756951271
37645,55,61,
37654,66,2,0.5162412473271486
37796,27,22,0.4983923982599775
37810,84,36,0.49286421484655185
37822,40,24,
37834,99,5,0.48438141854189154
37863,64,11,0.4934607347765461
37870,28,76,0.5124220513367738
37879,73,52,0.4965723272793871
37889,7,31,0.48506256169083456
37893,80,60,0.49525401269609
37920,34,47,
37959,47,1,0.5050162999060489
37979,22,90,0.5098091826993605
38003,22,93,0.5073814159329947
38007,91,97,0.5129876633826912
38011,64,53,
38027,51,56,
38055,47,3,0.4850789292492081
38115,85,46,0.5163470067716687
38121,57,75,
38122,15,84,0.4842046045010595
38185,27,85,0.5112976476975681
38196,77,26,0.5164549498848039
38316,38,49,
38376,53,40,
38397,78,97,0.506930179904752
38412,9,1,0.49406732755600397
38514,43,76,
38552,90,60,0.5158106582217387
38611,24,81,0.48333385240870247
38618,61,70,
38666,63,62,
38679,86,1,0.4932316801801223
38699,42,39,
38789,39,5,0.4833871694851384
38826,21,57,0.510342227861057
38827,80,75,0.514921381528965
38828,24,40,0.48334365560578807
38842,3,27,0.5022247544697406
38867,25,93,0.5165288824598597
38888,74,62,0.48471109821379604
38904,77,49,0.48411011619189365
38928,18,86,0.48368007745888864
38979,74,5,0.5159412134395588
39011,85,84,0.4848981756805016
39026,87,17,0.5083405567583779
39048,15,48,0.505618781454149
39058,50,78,
39078,15,36,0.4847392447585327
39089,6,32,0.48560806737357576
39092,12,0,0.49455798666570894
39140,94,69,0.5069122147904512
39147,66,98,0.5089442256657942
39150,69,40,
39248,30,65,
39271,65,49,
39293,13,28,0.4842295328594873
39314,13,36,
39410,97,98,0.4996259607478381
39456,2,19,0.4866360132772081
39499,98,67,0.5029359191404814
39528,80,95,0.5018665345445631
39596,69,54,
39638,54,5,0.5135225456188514
39666,42,1,0.5053132101975696
39692,31,13,
39722,57,84,
39771,68,17,0.5136881005474976
39773,68,78,
39798,22,69,0.4997534643731135
39865,88,59,0.48439684686200885
39894,56,16,0.49679590607562085
39901,98,42,0.504452791973429
39905,49,28,0.4981073370788983
39925,4,11,0.48345295704447117
39932,86,17,0.4852739053713995
39938,95,87,0.5160095931344344
39964,62,61,
40044,81,33,0.49363714314035606
40045,1,33,0.4927609944554933
40070,57,23,0.4916662957396603
40104,8,66,0.5095673946157823
40138,20,25,0.4835545689225381
40172,83,63,0.4866908152088623
40176,23,34,0.48414926633714533
40252,54,84,
40267,58,68,
40296,28,32,0.5108725562823135
40304,98,91,0.48334349374021857
40371,75,46,0.5166660053793646
40374,43,66,
40418,71,18,0.5117781475546104
40420,43,49,
40438,15,62,0.49008957865833686
40497,30,7,0.5084830108677604
40506,33,85,0.5166664121995436
40507,10,10,0.5120833927090216
40540,21,97,0.5018567557617696
40572,64,91,0.516543888459302
40576,41,60,
40636,35,97,0.4950263750548752
40646,85,52,0.5145686756713789
40669,71,16,0.4959776814996808
40688,15,0,0.5160819169548772
40771,74,59,0.5027740043096518
40807,44,72,
40875,97,58,0.48830776070021226
40877,0,93,0.5156954260296911
40889,16,16,0.49110911785126915
40901,31,28,
40933,45,10,0.515253358115054
40957,85,29,0.5165241174846719
40961,42,78,
41059,51,95,0.5032802110924275
41076,40,12,0.49146329903304076
41120,75,96,0.4918841654214192
41144,79,3,0.5140030965175846
41177,85,70,0.4872907825594055
41178,24,9,0.5123952814212422
41201,6,76,0.4918709544838747
41210,96,46,0.49422860372359095
41218,88,74,0.5082344445494337
41243,18,11,0.49017860246603573
41258,60,81,
41339,11,66,0.511257476340978
41363,77,23,0.5013620460279642
41383,13,9,0.5162338367205364
41395,23,37,0.48539603542269266
41430,82,72,0.5138125537275195
41434,82,53,0.48469830762536265
41444,1,34,0.49378996800917724
41495,98,81,0.513757508442549
41538,20,45,0.5119764608797903
41568,76,4,0.4981001542152869
41584,98,84,0.4904110875736437
41660,16,49,0.4860791318277629
41668,40,94,0.48353139787609645
41669,72,16,0.4892958387412548
41731,90,93,0.4836770141945051
41755,2,73,0.5026650290026509
41773,60,7,0.49219374210697414
41776,12,54,0.5117804680934267
41824,55,70,
41825,40,19,0.5069194020023001
41861,86,36,0.4871678510169667
41872,17,20,0.5165696263472052
41941,79,12,0.49166003541866987
41942,55,79,
41985,80,62,0.5150119177531485
42050,27,97,0.49123739195296273
42074,86,13,0.5160053803154921
42075,87,66,0.5009363790946095
42126,46,66,
42192,41,90,0.4856436780742368
42237,45,86,
42238,41,70,
42280,69,83,
42439,40,41,
42466,80,34,0.48556581380081515
42544,97,34,0.48344952339413527
42560,46,19,0.5090333499694236
42608,47,14,0.5065900410915236
42744,1,84,0.5003017685368387
42862,93,85,0.5031382548263773
42864,44,87,
42874,92,95,0.5106218032841388
42909,44,91,0.5064654355606999
42938,47,18,0.48553272775142875
42944,17,6,0.4976769101264555
42951,89,43,0.5165430109329242
42963,87,78,0.4868819413696604
43029,55,85,
43053,18,98,0.49267464651960213
43078,67,52,
43098,30,42,0.5021556713131882
43128,64,80,
43133,61,38,
43233,74,25,0.508940327577691
43236,62,56,
43240,91,94,0.5128342543493798
43243,49,22,0.49248098799020407
43256,41,87,
43280,9,65,0.5057331455582079
43290,89,85,0.49582539182600976
43344,84,6,0.4896032275825861
43358,43,0,0.49159295162061467
43391,0,82,0.5166666437478604
43436,80,83,0.49014250903237633
43450,91,49,0.4901366802614914
43457,47,15,0.4833448443233797
43495,70,0,0.4912900112278199
43522,22,10,0.49356550210548744
43599,47,83,
43600,15,55,0.48358036558229284
43604,55,76,
43608,83,19,0.5157101883554631
43658,65,40,
43699,47,57,
43775,33,90,0.5003267336482415
43777,45,48,
43794,75,0,0.5156054702991861
43797,99,68,0.4880281147549665
43802,44,73,
43884,85,97,0.5079690306049461
43885,22,82,0.5119997605242087
43910,49,72,
43922,39,63,
43929,4,26,0.5024395803134459
43997,96,28,0.49525401269609
44013,45,93,0.48519553653819314
44097,52,69,
44125,77,52,0.48678438599964174
44146,97,25,0.4858727700693714
44250,1,85,0.4879447348800183
44254,82,71,0.4994051439787134
44259,32,16,
44265,64,89,0.5096538627878164
44287,18,51,0.4841391388788778
44320,48,2,0.4958139215298388
44345,22,2,0.5165922850090158
44420,16,85,0.5070233182471058
44437,47,90,0.4972921718382832
44439,63,21,0.5120607308949103
44478,17,27,0.49037563974766457
44486,63,49,
44504,29,26,0.5072455295793196
44539,62,76,
44545,56,40,
44559,13,11,0.5087380076248538
44587,64,38,
44611,92,34,0.4833587482131241
44615,86,74,0.4837973743366574
44616,88,73,0.4849137883635145
44617,14,95,0.49052596977254476
44650,26,59,
44663,87,34,0.4942218217670173
44696,5,89,0.48965159123794677
44748,47,84,
44750,95,28,0.495176549790245
44768,69,76,
44769,68,80,
44776,17,30,0.485921465060491
44785,69,38,
44824,7,10,0.4930304051215478
44834,21,8,0.5087911317803422
44885,22,65,0.4912211685360757
44927,81,14,0.4945027190901925
44944,74,77,
44972,84,21,0.4886748323439789
45009,20,66,0.48712765977609496
45016,31,92,0.5131971681703001
45030,44,84,
45040,79,65,0.48491071680062914
45050,1,97,0.5096479684041495
45074,18,49,0.5072123545415662
45085,98,6,0.4849961010881582
45100,1,40,0.4934571019827835
45167,43,55,
45251,85,17,0.4834116246252535
45273,60,45,
45280,65,45,
45346,81,49,0.5011391555839462
45347,25,57,0.5162584894367594
45348,16,41,0.5104086052584721
45352,72,37,0.5154245359233863
45401,75,59,0.4956474254093056
45412,25,75,0.5140030965175846
45421,26,23,0.5161375191415095
